0.190607 3.193850 -33.879710 1.275296 2.140087 0.208926 -4.300378 2.542405 0.207192
207.355930 -11.494201 -1266.580749 1.523343 1.964744 0.263075 -3.463410 2.960950 -2.058535
673.005867 -319.231470 -1816.362720 1.722981 1.699764 0.626209 -0.535904 2.187770 -4.463907
1176.598724 -842.730600 -1884.884959 1.343347 1.259691 1.690738 2.997900 1.678517 -3.632516
1497.783416 -1501.510388 -1707.686515 -0.041226 0.746253 2.385667 4.886466 1.032271 -0.238459
1416.208858 -2215.089628 -1520.306437 -0.783636 0.750471 2.252267 4.210715 -1.752556 2.049006
579.402365 -3005.079649 -1506.207941 1.316468 -1.830511 1.079879 0.646226 -2.166232 -4.459802
-83.711685 -3232.749969 -1101.245068 1.349279 -1.744268 1.177700 -3.166469 -3.525862 -1.594294
-158.183553 -2592.221782 -99.315733 1.481151 -1.658752 1.142249 -3.845638 -1.485734 2.829074
560.467202 -1257.454201 893.553089 1.564151 -1.637700 1.058947 -3.027394 -0.327096 3.965841
2140.401799 860.006744 1824.699389 1.608649 -1.638433 0.988831 -2.299158 0.410801 4.420986
