0.190607 3.193850 -33.879710 1.275296 2.140087 0.208926 -4.300378 2.542405 0.207192
2.832357 14.475232 -165.626883 1.294782 2.128413 0.208320 -4.274466 2.592927 0.075286
10.230813 25.263703 -321.965927 1.319432 2.113209 0.208445 -4.235796 2.654749 -0.101681
21.975019 32.445893 -469.252670 1.344379 2.097305 0.209666 -4.188853 2.714351 -0.292929
37.844622 36.102285 -607.722652 1.369589 2.080680 0.212126 -4.132020 2.770765 -0.499269
57.619271 36.313358 -737.611413 1.395021 2.063315 0.215979 -4.063426 2.822812 -0.721318
81.078617 33.159595 -859.154490 1.420624 2.045192 0.221403 -3.980944 2.869088 -0.959386
108.002306 26.721476 -972.587423 1.446338 2.026290 0.228592 -3.882220 2.907954 -1.213331
138.169989 17.079483 -1078.145751 1.472090 2.006593 0.237765 -3.764739 2.937563 -1.482384
171.361314 4.314097 -1176.065014 1.497794 1.986084 0.249169 -3.625943 2.955912 -1.764971
207.355930 -11.494201 -1266.580749 1.523343 1.964744 0.263075 -3.463410 2.960950 -2.058535
245.933486 -30.264930 -1349.928497 1.548610 1.942557 0.279789 -3.275098 2.950744 -2.359416
286.873632 -51.917608 -1426.343796 1.573442 1.919502 0.299651 -3.059622 2.923705 -2.662830
329.956015 -76.371755 -1496.062186 1.597653 1.895560 0.323041 -2.816544 2.878847 -2.962992
374.960285 -103.546888 -1559.319204 1.621018 1.870705 0.350377 -2.546595 2.816050 -3.253417
421.666091 -133.362528 -1616.350391 1.643261 1.844905 0.382123 -2.251768 2.736259 -3.527383
469.853081 -165.738192 -1667.391286 1.664049 1.818120 0.418787 -1.935222 2.641570 -3.778495
519.300905 -200.593399 -1712.677427 1.682970 1.790296 0.460923 -1.600989 2.535153 -4.001229
569.789211 -237.847669 -1752.444354 1.699528 1.761363 0.509121 -1.253527 2.421022 -4.191339
621.097649 -277.420519 -1786.927605 1.713112 1.731227 0.564004 -0.897215 2.303690 -4.346035
673.005867 -319.231470 -1816.362720 1.722981 1.699764 0.626209 -0.535904 2.187770 -4.463907
725.293514 -363.200039 -1840.985237 1.728242 1.666813 0.696359 -0.172606 2.077618 -4.544635
777.740239 -409.245746 -1861.030696 1.727823 1.632169 0.775017 0.190626 1.977033 -4.588573
830.125692 -457.288108 -1876.734636 1.720463 1.595581 0.862629 0.552625 1.889054 -4.596312
882.229520 -507.246646 -1888.332596 1.704706 1.556748 0.959434 0.912881 1.815832 -4.568304
933.831373 -559.040878 -1896.060115 1.678925 1.515331 1.065355 1.271190 1.758548 -4.504618
984.710900 -612.590322 -1900.152732 1.641384 1.470979 1.179865 1.627249 1.717357 -4.404855
1034.647750 -667.814497 -1900.845985 1.590352 1.423365 1.301850 1.980228 1.691332 -4.268266
1083.421571 -724.632923 -1898.375415 1.524288 1.372262 1.429491 2.328409 1.678440 -4.094063
1130.812013 -782.965118 -1892.976560 1.442085 1.317625 1.560211 2.668954 1.675546 -3.881911
1176.598724 -842.730600 -1884.884959 1.343347 1.259691 1.690738 2.997900 1.678517 -3.632516
1220.561354 -903.848889 -1874.336151 1.228650 1.199063 1.817324 3.310444 1.682445 -3.348184
1262.479551 -966.239504 -1861.565675 1.099683 1.136740 1.936109 3.601507 1.682001 -3.033153
1302.132964 -1029.821962 -1846.809071 0.959219 1.074081 2.043587 3.866464 1.671883 -2.693560
1339.301242 -1094.515784 -1830.301877 0.810864 1.012681 2.137048 4.101851 1.647256 -2.336957
1373.764034 -1160.240487 -1812.279632 0.658653 0.954185 2.214883 4.305822 1.604087 -1.971498
1405.300989 -1226.915591 -1792.977875 0.506569 0.900100 2.276666 4.478225 1.539306 -1.605005
1433.691756 -1294.460614 -1772.632146 0.358142 0.851634 2.323027 4.620308 1.450783 -1.244180
1458.715983 -1362.795076 -1751.477984 0.216177 0.809611 2.355376 4.734181 1.337183 -0.894132
1480.153321 -1431.838494 -1729.750927 0.082655 0.774459 2.375580 4.822207 1.197773 -0.558265
1497.783416 -1501.510388 -1707.686515 -0.041226 0.746253 2.385667 4.886466 1.032271 -0.238459
1511.385920 -1571.730276 -1685.520286 -0.154928 0.724787 2.387610 4.928382 0.840765 0.064570
1520.740479 -1642.417678 -1663.487781 -0.258417 0.709661 2.383191 4.948522 0.623726 0.350852
1525.626745 -1713.492112 -1641.824536 -0.352011 0.700356 2.373940 4.946580 0.382112 0.620756
1525.824364 -1784.873097 -1620.766093 -0.436250 0.696290 2.361115 4.921499 0.117516 0.874662
1521.112986 -1856.480151 -1600.547990 -0.511795 0.696869 2.345728 4.871727 -0.167656 1.112729
1511.272261 -1928.232795 -1581.405765 -0.579359 0.701513 2.328567 4.795564 -0.470052 1.334771
1496.081836 -2000.050545 -1563.574958 -0.639658 0.709674 2.310238 4.691581 -0.785317 1.540243
1475.321362 -2071.852921 -1547.291109 -0.693382 0.720850 2.291200 4.559033 -1.108174 1.728342
1448.770486 -2143.559443 -1532.789755 -0.741176 0.734585 2.271793 4.398223 -1.432669 1.898181
1416.208858 -2215.089628 -1520.306437 -0.783636 0.750471 2.252267 4.210715 -1.752556 2.049006
1377.416126 -2286.362995 -1510.076692 -0.821304 0.768146 2.232803 3.999361 -2.061773 2.180413
1332.171940 -2357.299064 -1502.336061 -0.854669 0.787292 2.213529 3.768123 -2.354931 2.292499
1280.255949 -2427.817353 -1497.320082 -0.884169 0.807630 2.194534 3.521727 -2.627694 2.385930
1221.447800 -2497.837380 -1495.264294 -0.910198 0.828915 2.175877 3.265234 -2.877021 2.461910
1155.527145 -2567.278666 -1496.404237 -0.933106 0.850936 2.157596 3.003607 -3.101208 2.522072
1082.273630 -2636.060727 -1500.975449 -0.953209 0.873508 2.139714 2.741370 -3.299786 2.568327
1001.466905 -2704.103085 -1509.213469 -0.970785 0.896473 2.122243 2.482366 -3.473299 2.602700
892.737612 -2788.194088 -1519.899186 1.327141 -1.849097 1.034185 1.447496 -1.502481 -4.543931
783.912568 -2868.073864 -1523.092738 1.322705 -1.843656 1.049469 1.210431 -1.714820 -4.538089
679.399516 -2940.391642 -1518.436389 1.319106 -1.837459 1.064756 0.944509 -1.936500 -4.511970
579.402365 -3005.079649 -1506.207941 1.316468 -1.830511 1.079879 0.646226 -2.166232 -4.459802
484.125022 -3062.070117 -1486.685199 1.314912 -1.822837 1.094656 0.312444 -2.401523 -4.374364
393.771395 -3111.295274 -1460.145965 1.314546 -1.814479 1.108890 -0.058928 -2.638154 -4.246960
308.545393 -3152.687350 -1426.868044 1.315459 -1.805500 1.122381 -0.467903 -2.869597 -4.067736
228.650922 -3186.178575 -1387.129238 1.317716 -1.795983 1.134931 -0.911038 -3.086579 -3.826623
154.291890 -3211.701179 -1341.207352 1.321356 -1.786029 1.146350 -1.379995 -3.277118 -3.515126
85.672206 -3229.187390 -1289.380188 1.326380 -1.775754 1.156466 -1.860594 -3.427501 -3.128966
22.995777 -3238.569440 -1231.925550 1.332759 -1.765282 1.165133 -2.333268 -3.524474 -2.670944
-33.533489 -3239.779556 -1169.121243 1.340425 -1.754743 1.172237 -2.775576 -3.558348 -2.152751
-83.711685 -3232.749969 -1101.245068 1.349279 -1.744268 1.177700 -3.166469 -3.525862 -1.594294
-127.334902 -3217.412909 -1028.574830 1.359193 -1.733981 1.181484 -3.490722 -3.431342 -1.020174
-164.199233 -3193.700605 -951.388332 1.370016 -1.723998 1.183591 -3.741544 -3.285443 -0.454651
-194.100770 -3161.545287 -869.963378 1.381582 -1.714418 1.184061 -3.920403 -3.102193 0.082684
-216.835606 -3120.879184 -784.577770 1.393717 -1.705327 1.182969 -4.034725 -2.895814 0.579015
-232.199832 -3071.634526 -695.509314 1.406244 -1.696789 1.180417 -4.094943 -2.678500 1.028145
-239.989540 -3013.743542 -603.035811 1.418995 -1.688855 1.176531 -4.112045 -2.459476 1.429008
-240.000824 -2947.138463 -507.435067 1.431810 -1.681552 1.171453 -4.096073 -2.245017 1.783841
-232.029775 -2871.751518 -408.984883 1.444548 -1.674897 1.165333 -4.055465 -2.038951 2.096637
-215.872485 -2787.514937 -307.963064 1.457084 -1.668888 1.158326 -3.996946 -1.843308 2.372053
-191.325047 -2694.360948 -204.647412 1.469313 -1.663514 1.150582 -3.925701 -1.658893 2.614756
-158.183553 -2592.221782 -99.315733 1.481151 -1.658752 1.142249 -3.845638 -1.485734 2.829074
-116.244095 -2481.029669 7.754172 1.492532 -1.654575 1.133460 -3.759669 -1.323405 3.018856
-65.302766 -2360.716837 116.284498 1.503407 -1.650946 1.124341 -3.669939 -1.171237 3.187436
-5.155657 -2231.215517 225.997442 1.513746 -1.647830 1.115002 -3.578027 -1.028456 3.337664
64.401140 -2092.457939 336.615200 1.523528 -1.645187 1.105542 -3.485084 -0.894263 3.471957
143.571531 -1944.376331 447.859970 1.532748 -1.642976 1.096045 -3.391951 -0.767888 3.592356
232.559425 -1786.902924 559.453947 1.541407 -1.641159 1.086582 -3.299236 -0.648609 3.700588
331.568730 -1619.969946 671.119328 1.549516 -1.639698 1.077214 -3.207378 -0.535769 3.798115
440.803353 -1443.509629 782.578310 1.557091 -1.638556 1.067990 -3.116691 -0.428774 3.886180
560.467202 -1257.454201 893.553089 1.564151 -1.637700 1.058947 -3.027394 -0.327096 3.965841
690.764184 -1061.735892 1003.765861 1.570720 -1.637098 1.050118 -2.939640 -0.230264 4.038007
831.898209 -856.286931 1112.938823 1.576822 -1.636721 1.041526 -2.853527 -0.137865 4.103459
984.073183 -641.039549 1220.794172 1.582484 -1.636543 1.033186 -2.769118 -0.049532 4.162875
1147.493014 -415.925974 1327.054104 1.587732 -1.636538 1.025111 -2.686447 0.035059 4.216844
1322.361610 -180.878437 1431.440816 1.592591 -1.636685 1.017307 -2.605527 0.116192 4.265879
1508.882878 64.170833 1533.676504 1.597088 -1.636966 1.009778 -2.526356 0.194121 4.310434
1707.260728 319.289606 1633.483364 1.601248 -1.637360 1.002525 -2.448919 0.269070 4.350908
1917.699065 584.545653 1730.583594 1.605094 -1.637854 0.995543 -2.373196 0.341237 4.387653
2140.401799 860.006744 1824.699389 1.608649 -1.638433 0.988831 -2.299158 0.410801 4.420986
