8.992556 -41.428850 81.453787 0.950578 -2.016893 -1.130727 -4.596951 -1.914752 -0.449187
51.606032 -186.559283 375.915166 0.882523 -2.045206 -1.135027 -4.613911 -1.922679 -0.123001
119.483667 -322.702952 673.754873 0.844879 -2.061489 -1.134214 -4.533316 -2.072806 0.390546
201.892408 -410.878415 895.319827 0.837260 -2.065159 -1.133186 -4.257275 -2.356744 1.149507
295.680868 -454.429161 1044.028956 0.844314 -2.060353 -1.136697 -3.485321 -2.717989 2.337750
396.628929 -457.456261 1124.646081 0.853495 -2.049934 -1.148616 -1.549347 -2.798376 3.842996
499.766476 -424.684098 1143.024421 0.852973 -2.037242 -1.171358 1.260278 -2.004431 4.403857
599.668713 -361.330310 1105.868941 0.833561 -2.026277 -1.203901 3.111220 -0.972714 3.791324
690.728064 -272.979966 1020.516537 0.793482 -2.020327 -1.240429 3.991558 -0.273489 2.998777
767.402641 -165.463957 894.734056 0.740947 -2.020273 -1.272594 4.437650 0.180853 2.296640
824.441307 -44.741609 736.534161 0.689538 -2.024479 -1.294612 4.682937 0.526266 1.671270
857.085302 83.212477 554.009026 0.650035 -2.030237 -1.305983 4.807852 0.841802 1.084404
861.246465 212.517362 355.181884 0.626479 -2.035124 -1.309884 4.836319 1.164650 0.503592
833.662018 337.490492 147.876394 0.617608 -2.037538 -1.310343 4.766624 1.506669 -0.096153
772.025949 452.748191 -60.396137 0.619789 -2.036676 -1.310654 4.582004 1.863693 -0.729304
675.096955 553.301932 -262.531701 0.628980 -2.032335 -1.313011 4.258105 2.218874 -1.394682
542.782981 634.650389 -451.910696 0.641537 -2.024770 -1.318612 3.773639 2.544093 -2.070565
376.202324 692.867264 -622.457195 0.654419 -2.014630 -1.327780 3.124889 2.804365 -2.714885
177.721331 724.684894 -768.680377 0.665253 -2.002991 -1.339950 2.337244 2.967645 -3.275725
-49.031338 727.573633 -885.698114 0.672471 -1.991395 -1.353562 1.463038 3.015795 -3.710054
-299.173854 699.817016 -969.242729 0.675641 -1.981839 -1.365952 0.563929 2.948292 -3.998694
-566.603795 640.582691 -1015.648908 0.675915 -1.976561 -1.373443 -0.309477 2.775871 -4.147139
-844.054136 549.989140 -1021.823773 0.676386 -1.977509 -1.371846 -1.127315 2.510411 -4.174565
-1123.172660 429.168176 -985.199126 0.681970 -1.985480 -1.357493 -1.878005 2.158491 -4.100489
-1394.624792 280.323204 -903.665839 0.698500 -1.999250 -1.328569 -2.559863 1.720737 -3.935247
-1648.219849 106.783280 -775.490422 0.731178 -2.015225 -1.286176 -3.171768 1.195192 -3.675786
-1873.060721 -86.947065 -599.213738 0.783066 -2.028023 -1.234475 -3.704579 0.582615 -3.307062
-2059.479754 -297.663632 -370.535412 0.682154 -2.028631 -1.292023 -4.270293 0.214881 -2.591992
-2159.557927 -511.381261 -89.281959 0.608120 -2.032925 -1.321894 -4.824904 -0.738462 -1.083964
-2120.100534 -668.989862 170.111305 0.542527 -2.050847 -1.322759 -4.611816 -1.748911 0.820037
-1968.212661 -775.199913 396.140292 0.490107 -2.078077 -1.300535 -3.648121 -2.390437 2.444795
-1729.993609 -834.722599 580.291522 0.455139 -2.107554 -1.265332 -2.483646 -2.615380 3.462844
-1430.349838 -852.265331 716.779398 0.437470 -2.131756 -1.230544 -1.427946 -2.611986 4.017275
-1092.809251 -832.529811 802.301039 0.432326 -2.145282 -1.208660 -0.510665 -2.519181 4.288700
-739.336792 -780.212646 835.808660 0.431963 -2.146179 -1.207197 0.317411 -2.397635 4.376139
-390.151382 -700.008513 818.299502 0.428246 -2.135686 -1.226968 1.107170 -2.260108 4.320427
-63.544170 -596.615869 752.623308 0.414826 -2.117155 -1.263160 1.895961 -2.090905 4.127160
224.301877 -474.745213 643.307353 0.388150 -2.094901 -1.307949 2.703326 -1.855817 3.774649
459.491065 -339.129894 496.399019 0.347341 -2.073338 -1.353005 3.519357 -1.508630 3.215301
630.592738 -194.539470 319.325926 0.293487 -2.056446 -1.391005 4.277904 -1.003367 2.385957
728.817711 -45.795613 120.773603 0.228906 -2.047514 -1.416082 4.829023 -0.327602 1.254279
748.193379 102.209435 -89.419281 0.156787 -2.049048 -1.423664 4.979054 0.447161 -0.095249
685.737502 244.491858 -300.348150 0.081293 -2.062603 -1.410341 4.642109 1.169715 -1.443118
541.630656 375.952714 -500.112186 0.007903 -2.088360 -1.374296 3.926399 1.712130 -2.579148
319.387364 491.351836 -675.866465 -0.056578 -2.124491 -1.316563 3.012184 2.043945 -3.427687
26.025901 585.279180 -813.856529 -0.105151 -2.166829 -1.242496 2.017334 2.201704 -4.010345
-327.763237 652.123626 -899.435414 -0.133029 -2.209626 -1.161833 0.981030 2.235332 -4.363585
-727.450180 686.039235 -917.063128 -0.139947 -2.247459 -1.085975 -0.099049 2.179933 -4.498676
-1154.499863 680.908950 -850.288582 -0.130271 -2.277059 -1.023734 -1.227733 2.045740 -4.394044
-1586.207533 630.305754 -681.713967 -0.110694 -2.297800 -0.978705 -2.374015 1.820702 -4.006132
-1995.535577 527.451277 -392.941583 -0.429197 -2.115551 -1.261044 -3.335696 2.383054 -2.862549
-2286.699734 381.411374 -70.906332 -0.731802 -1.852068 -1.511394 -3.980546 2.695145 -1.375299
-2401.780646 216.644296 188.589458 -0.619458 -1.904736 -1.496078 -4.786156 1.438837 0.149871
-2367.673311 47.752735 391.346260 -0.501386 -1.915527 -1.526227 -4.561647 -0.404972 2.006832
-2211.498189 -112.567830 543.041558 -0.384030 -1.876216 -1.606964 -3.430863 -1.935361 3.079538
-1960.115239 -253.547824 649.217565 -0.277162 -1.779938 -1.733494 -2.327438 -2.896191 3.345910
-1639.680855 -366.359687 715.265314 -0.192763 -1.629366 -1.886268 -1.469700 -3.541326 3.209204
-1275.247712 -444.131408 746.405144 -0.140365 -1.444652 -2.035505 -0.770771 -4.003461 2.894514
-890.407512 -481.957472 747.663560 -0.121350 -1.259582 -2.156091 -0.139395 -4.312172 2.527003
-506.976628 -476.907239 723.846482 -0.127985 -1.105301 -2.238734 0.489277 -4.472877 2.180363
-144.724662 -428.030729 679.508874 -0.147887 -0.997790 -2.287475 1.166328 -4.483729 1.880386
178.854106 -336.361843 618.920755 -0.168669 -0.937982 -2.311221 1.934744 -4.319571 1.611853
448.726354 -204.918993 546.029600 -0.179745 -0.917823 -2.318468 2.818192 -3.910274 1.329492
652.462461 -38.703154 464.419113 -0.172182 -0.924860 -2.316244 3.775996 -3.130826 0.969422
780.336340 155.306656 377.264394 -0.138470 -0.943659 -2.310916 4.616053 -1.859812 0.482858
825.382369 368.160487 287.283481 -0.073545 -0.955603 -2.308986 4.996026 -0.180564 -0.084403
783.409425 588.947137 196.685283 0.022347 -0.939592 -2.316607 4.729850 1.517778 -0.569969
652.972001 804.806419 107.113886 0.139851 -0.876408 -2.337167 3.995273 2.885673 -0.843022
435.298439 1000.944004 19.589253 0.259346 -0.757427 -2.368342 3.053879 3.855671 -0.898678
134.176241 1160.648844 -65.555701 0.356879 -0.592263 -2.402470 2.041987 4.492611 -0.804200
-244.205513 1265.313177 -148.741649 0.415425 -0.405930 -2.431593 1.005328 4.856038 -0.638913
-691.456648 1294.455106 -231.213004 0.431710 -0.225389 -2.452107 -0.035189 4.978320 -0.463785
-1197.229290 1225.743765 -315.111694 0.413147 -0.067889 -2.464691 -1.052117 4.878165 -0.310730
-1749.504155 1035.027058 -403.554553 0.373033 0.055051 -2.471400 -2.000630 4.577934 -0.200000
-2215.268165 760.310487 -475.203176 0.495060 -0.195995 -2.442642 -2.931314 3.946879 -0.910793
-2453.476570 486.951026 -500.998540 0.534041 -0.230837 -2.431361 -4.255036 2.356467 -1.158333
-2502.646917 229.732102 -486.920235 0.572667 -0.237696 -2.421890 -4.841323 -0.622280 -1.083680
-2400.734905 0.504843 -439.968419 0.605494 -0.222011 -2.415386 -3.875586 -3.083227 -0.688144
-2183.629098 -191.419065 -367.658838 0.627272 -0.196663 -2.412023 -2.690283 -4.199375 -0.357243
-1884.648664 -339.243832 -277.729434 0.635953 -0.179462 -2.411091 -1.773911 -4.673203 -0.120055
-1534.151156 -438.636454 -177.880031 0.634483 -0.185965 -2.410985 -1.054775 -4.886469 0.099327
-1159.241922 -487.645117 -75.543438 0.629471 -0.223114 -2.409146 -0.436949 -4.968839 0.346003
-783.576781 -486.590195 22.313724 0.628222 -0.288639 -2.402504 0.147664 -4.957417 0.634202
-427.249557 -437.928926 109.362162 0.636794 -0.374761 -2.388315 0.750176 -4.849111 0.960914
-106.756098 -346.094849 180.054679 0.659725 -0.471902 -2.364756 1.412211 -4.612783 1.314492
164.973631 -217.313075 229.746273 0.700557 -0.570301 -2.331089 2.164215 -4.184867 1.674235
378.483743 -59.392495 254.791249 0.762164 -0.659820 -2.287738 3.004979 -3.460293 1.999117
527.649319 118.504025 252.619008 0.846263 -0.729114 -2.236567 3.845460 -2.310116 2.208121
609.490385 306.110350 221.790221 0.951771 -0.765534 -2.181305 4.443018 -0.699472 2.184109
623.951347 492.327620 162.035056 1.072220 -0.757294 -2.127640 4.500011 1.122039 1.868402
573.654288 665.513541 74.275144 1.193978 -0.698888 -2.082300 3.967459 2.721290 1.361562
463.634514 813.789352 -39.369032 1.298689 -0.597592 -2.050924 3.069221 3.861364 0.818383
301.066733 925.363367 -175.583642 1.371284 -0.474602 -2.035764 2.033288 4.557568 0.307101
94.990257 988.870034 -329.878223 1.407967 -0.356433 -2.034843 0.982105 4.899342 -0.178646
-143.958379 993.723412 -496.611924 1.416539 -0.262850 -2.043117 -0.032319 4.956140 -0.660022
-403.796993 930.483987 -669.027592 1.409976 -0.201339 -2.054612 -0.984457 4.767077 -1.142727
-671.425152 791.237757 -839.292023 1.400145 -0.169475 -2.064188 -1.850833 4.355744 -1.613044
-932.818970 569.986485 -998.540690 1.395101 -0.159869 -2.068365 -2.602595 3.747544 -2.045094
-1173.184952 263.048057 -1136.925268 1.398976 -0.163878 -2.065432 -3.210444 2.979982 -2.410966
-1377.064469 -130.534151 -1243.662264 1.412666 -0.173539 -2.055300 -3.654061 2.101697 -2.688997
