-0.194680 -19.688317 19.666132 -2.149584 0.912645 0.892395 2.552612 3.023640 3.056432
-1.294059 -97.898659 97.003013 -2.149584 0.912645 0.892395 2.552151 2.989916 3.089810
-3.389770 -194.439998 190.686901 -2.149584 0.912645 0.892395 2.551203 2.945486 3.132966
-6.287134 -289.624017 281.051666 -2.149584 0.912645 0.892395 2.549786 2.898335 3.177773
-9.986151 -383.450717 368.097306 -2.149584 0.912645 0.892395 2.547832 2.848241 3.224295
-14.486820 -475.920098 451.823823 -2.149584 0.912645 0.892395 2.545260 2.794960 3.272591
-19.789142 -567.032159 532.231215 -2.149584 0.912645 0.892395 2.541982 2.738225 3.322718
-25.893117 -656.786900 609.319483 -2.149584 0.912645 0.892395 2.537895 2.677743 3.374727
-32.798744 -745.184322 683.088627 -2.149584 0.912645 0.892395 2.532881 2.613195 3.428662
-40.506024 -832.224424 753.538647 -2.149584 0.912645 0.892395 2.526806 2.544232 3.484557
-49.014956 -917.907207 820.669543 -2.149584 0.912645 0.892395 2.519516 2.470474 3.542428
-58.325541 -1002.232670 884.481315 -2.149584 0.912645 0.892395 2.510835 2.391507 3.602277
-68.437779 -1085.200814 944.973962 -2.149584 0.912645 0.892395 2.500563 2.306883 3.664079
-79.351669 -1166.811638 1002.147486 -2.149584 0.912645 0.892395 2.488472 2.216119 3.727777
-91.067211 -1247.065142 1056.001885 -2.149584 0.912645 0.892395 2.474302 2.118696 3.793278
-103.584407 -1325.961327 1106.537160 -2.149584 0.912645 0.892395 2.457758 2.014060 3.860438
-116.903255 -1403.500192 1153.753312 -2.149584 0.912645 0.892395 2.438510 1.901628 3.929056
-131.023755 -1479.681738 1197.650339 -2.149584 0.912645 0.892395 2.416183 1.780792 3.998855
-145.945908 -1554.505964 1238.228242 -2.149584 0.912645 0.892395 2.390363 1.650925 4.069473
-161.669714 -1627.972871 1275.487021 -2.149584 0.912645 0.892395 2.360589 1.511400 4.140445
-178.195172 -1700.082458 1309.426676 -2.149584 0.912645 0.892395 2.326358 1.361603 4.211187
-195.522283 -1770.834726 1340.047207 -2.149584 0.912645 0.892395 2.287127 1.200962 4.280974
-213.651047 -1840.229674 1367.348613 -2.149584 0.912645 0.892395 2.242319 1.028973 4.348933
-232.581463 -1908.267302 1391.330896 -2.149584 0.912645 0.892395 2.191336 0.845244 4.414024
-252.313532 -1974.947611 1411.994054 -2.149584 0.912645 0.892395 2.133576 0.649542 4.475036
-272.847253 -2040.270601 1429.338089 -2.149584 0.912645 0.892395 2.068457 0.441841 4.530592
-294.182627 -2104.236271 1443.362999 -2.149584 0.912645 0.892395 1.995449 0.222388 4.579162
-316.319654 -2166.844621 1454.068785 -2.149584 0.912645 0.892395 1.914110 -0.008245 4.619103
-339.258333 -2228.095652 1461.455447 -2.149584 0.912645 0.892395 1.824136 -0.249112 4.648707
-362.998665 -2287.989363 1465.522985 -2.149584 0.912645 0.892395 1.725399 -0.498850 4.666278
-387.540649 -2346.525754 1466.271399 -2.149584 0.912645 0.892395 1.618000 -0.755674 4.670228
-412.884286 -2403.704827 1463.700689 -2.149584 0.912645 0.892395 1.502299 -1.017391 4.659186
-439.029576 -2459.526579 1457.810855 -2.149584 0.912645 0.892395 1.378937 -1.281467 4.632103
-465.976518 -2513.991012 1448.601896 -2.149584 0.912645 0.892395 1.248840 -1.545116 4.588357
-493.725113 -2567.098125 1436.073814 -2.149584 0.912645 0.892395 1.113187 -1.805436 4.527827
-522.275360 -2618.847919 1420.226607 -2.149584 0.912645 0.892395 0.973370 -2.059559 4.450929
-551.627260 -2669.240394 1401.060276 -2.149584 0.912645 0.892395 0.830917 -2.304808 4.358605
-581.780813 -2718.275548 1378.574822 -2.149584 0.912645 0.892395 0.687413 -2.538833 4.252269
-612.736018 -2765.953384 1352.770243 -2.149584 0.912645 0.892395 0.544414 -2.759716 4.133712
-644.492876 -2812.273899 1323.646540 -2.149584 0.912645 0.892395 0.403371 -2.966044 4.004981
-677.051386 -2857.237095 1291.203713 -2.149584 0.912645 0.892395 0.265568 -3.156917 3.868248
-710.411549 -2900.842972 1255.441761 -2.149584 0.912645 0.892395 0.132081 -3.331931 3.725693
-744.573365 -2943.091529 1216.360686 -2.149584 0.912645 0.892395 0.003758 -3.491122 3.579393
-779.536833 -2983.982766 1173.960487 -2.149584 0.912645 0.892395 -0.118780 -3.634887 3.431252
-815.301954 -3023.516684 1128.241163 -2.149584 0.912645 0.892395 -0.235129 -3.763908 3.282942
-851.868727 -3061.693282 1079.202716 -2.149584 0.912645 0.892395 -0.345071 -3.879065 3.135887
-889.237153 -3098.512561 1026.845144 -2.149584 0.912645 0.892395 -0.448548 -3.981360 2.991250
-927.407232 -3133.974520 971.168448 -2.149584 0.912645 0.892395 -0.545630 -4.071861 2.849953
-966.378963 -3168.079160 912.172628 -2.149584 0.912645 0.892395 -0.636488 -4.151647 2.712694
-1006.152347 -3200.826480 849.857684 -2.149584 0.912645 0.892395 -0.721361 -4.221774 2.579973
-1046.727383 -3232.216481 784.223616 -1.926168 -0.630461 1.463693 2.069592 -4.481961 0.792979
-1108.441242 -3273.531495 687.039018 -1.563923 -1.227070 1.516062 2.895012 -4.065282 -0.303952
-1170.458046 -3305.465556 597.134662 -1.614479 -1.149864 1.523572 2.577511 -4.257273 -0.481728
-1232.482021 -3328.203228 514.163369 -1.659190 -1.068468 1.534752 2.217933 -4.428454 -0.685252
-1294.217393 -3341.929072 437.777959 -1.697126 -0.983234 1.550166 1.813266 -4.569294 -0.913028
-1355.368388 -3346.827653 367.631255 -1.727323 -0.894582 1.570376 1.362583 -4.668617 -1.160766
-1415.639230 -3343.083531 303.376075 -1.748779 -0.803002 1.595920 0.868357 -4.714620 -1.420674
-1474.734146 -3330.881270 244.665243 -1.760451 -0.709054 1.627284 0.337574 -4.696731 -1.681299
-1532.357361 -3310.405433 191.151578 -1.761257 -0.613371 1.664858 -0.217959 -4.608057 -1.928290
-1588.213100 -3281.840582 142.487902 -1.750074 -0.516665 1.708888 -0.782681 -4.447595 -2.146231
-1642.005590 -3245.371281 98.327035 -1.725763 -0.419745 1.759420 -1.339664 -4.221129 -2.321071
-1693.439055 -3201.182090 58.321799 -1.687198 -0.323524 1.816231 -1.873534 -3.940188 -2.442292
-1742.217722 -3149.457574 22.125015 -1.633336 -0.229042 1.878764 -2.372704 -3.619428 -2.504000
-1788.045815 -3090.382296 -10.610497 -1.563307 -0.137478 1.946065 -2.830145 -3.273597 -2.504763
-1830.627561 -3024.140816 -40.231916 -1.476552 -0.050138 2.016750 -3.242743 -2.915238 -2.446631
-1869.667184 -2950.917700 -67.086420 -1.372979 0.031560 2.089003 -3.609901 -2.553640 -2.333996
-1904.868911 -2870.897508 -91.521189 -1.253128 0.106155 2.160649 -3.932139 -2.194902 -2.172714
-1935.936967 -2784.264804 -113.883401 -1.118303 0.172231 2.229290 -4.210145 -1.842625 -1.969622
-1962.575577 -2691.204150 -134.520236 -0.970629 0.228544 2.292520 -4.444408 -1.498791 -1.732300
-1984.488968 -2591.900110 -153.778872 -0.812995 0.274152 2.348165 -4.635321 -1.164520 -1.468908
-2001.381364 -2486.537245 -172.006490 -0.648864 0.308529 2.394532 -4.783541 -0.840580 -1.187924
-2012.956991 -2375.300119 -189.550266 -0.481983 0.331629 2.430579 -4.890360 -0.527631 -0.897766
-2018.920075 -2258.373294 -206.757382 -0.316045 0.343884 2.455984 -4.957940 -0.226282 -0.606322
-2018.974841 -2135.941333 -223.975015 -0.154374 0.346139 2.471104 -4.989319 0.062960 -0.320511
-2012.825516 -2008.188799 -241.550346 0.000305 0.339540 2.476835 -4.988231 0.339764 -0.045964
-2000.176323 -1875.300253 -259.830552 0.145981 0.325401 2.474430 -4.958804 0.604020 0.213116
-1980.731490 -1737.460260 -279.162812 0.281364 0.305080 2.465312 -4.905252 0.855840 0.453923
-1954.195241 -1594.853381 -299.894307 0.405809 0.279884 2.450915 -4.831600 1.095521 0.674887
-1920.271802 -1447.664179 -322.372215 0.519198 0.251001 2.432577 -4.741515 1.323490 0.875446
-1878.665399 -1296.077217 -346.943714 0.621803 0.219465 2.411472 -4.638206 1.540241 1.055795
-1829.080257 -1140.277058 -373.955985 0.714161 0.186146 2.388582 -4.524404 1.746285 1.216658
-1771.220602 -980.448264 -403.756205 0.796972 0.151755 2.364700 -4.402389 1.942119 1.359096
-1704.790659 -816.775399 -436.691555 0.871018 0.116858 2.340443 -4.274043 2.128195 1.484365
-1629.494653 -649.443023 -473.109212 0.937101 0.081897 2.316276 -4.140911 2.304919 1.593802
-1545.036812 -478.635702 -513.356357 0.996007 0.047208 2.292541 -4.004262 2.472647 1.688757
-1451.121359 -304.537996 -557.780167 1.048481 0.013044 2.269475 -3.865147 2.631693 1.770545
-1347.452520 -127.334469 -606.727823 1.095215 -0.020413 2.247240 -3.724442 2.782336 1.840418
-1233.734522 52.790317 -660.546503 1.136838 -0.053033 2.225935 -3.582886 2.924832 1.899549
-1109.671589 235.651798 -719.583386 1.173919 -0.084729 2.205615 -3.441109 3.059422 1.949028
-974.967948 421.065413 -784.185651 1.206966 -0.115448 2.186300 -3.299652 3.186340 1.989857
-829.327823 608.846598 -854.700477 1.236432 -0.145160 2.167987 -3.158986 3.305821 2.022957
-672.455440 798.810792 -931.475044 1.262717 -0.173854 2.150656 -3.019520 3.418101 2.049167
-504.055025 990.773430 -1014.856530 1.286178 -0.201535 2.134275 -2.881607 3.523427 2.069252
-323.830804 1184.549951 -1105.192114 1.307126 -0.228216 2.118806 -2.745556 3.622050 2.083909
-131.487001 1379.955792 -1202.828976 1.325839 -0.253918 2.104204 -2.611633 3.714231 2.093768
73.272157 1576.806389 -1308.114294 1.342560 -0.278669 2.090425 -2.480062 3.800238 2.099401
290.742445 1774.917182 -1421.395247 1.357503 -0.302497 2.077421 -2.351035 3.880345 2.101322
521.219638 1974.103606 -1543.019014 1.370860 -0.325435 2.065148 -2.224708 3.954831 2.099997
764.999509 2174.181099 -1673.332776 1.382796 -0.347518 2.053559 -2.101208 4.023973 2.095846
1022.377834 2374.965098 -1812.683709 1.393462 -0.368778 2.042613 -1.980631 4.088051 2.089244
