17.956334 14.292001 -2.786491 0.220558 0.206738 2.481655 -3.115593 3.910332 -0.048856
89.327162 70.302054 -13.795598 0.220558 0.206738 2.481655 -3.072620 3.944100 -0.055488
177.518053 137.709236 -27.249047 0.220558 0.206738 2.481655 -3.015990 3.987442 -0.064132
264.572672 202.221544 -40.360349 0.220558 0.206738 2.481655 -2.955887 4.032043 -0.073189
350.491020 263.838980 -53.129504 0.220558 0.206738 2.481655 -2.892040 4.077900 -0.082684
435.273096 322.561544 -65.556510 0.220558 0.206738 2.481655 -2.824154 4.124994 -0.092640
518.918902 378.389235 -77.641368 0.220558 0.206738 2.481655 -2.751910 4.173292 -0.103084
601.428436 431.322053 -89.384079 0.220558 0.206738 2.481655 -2.674965 4.222743 -0.114042
682.801698 481.359998 -100.784642 0.220558 0.206738 2.481655 -2.592949 4.273272 -0.125541
763.038690 528.503071 -111.843056 0.220558 0.206738 2.481655 -2.505466 4.324778 -0.137607
842.139409 572.751271 -122.559323 0.220558 0.206738 2.481655 -2.412094 4.377125 -0.150266
920.103858 614.104598 -132.933443 0.220558 0.206738 2.481655 -2.312384 4.430139 -0.163545
996.932035 652.563053 -142.965414 0.220558 0.206738 2.481655 -2.205864 4.483600 -0.177465
1072.623941 688.126635 -152.655238 0.220558 0.206738 2.481655 -2.092042 4.537232 -0.192049
1147.179576 720.795344 -162.002913 0.220558 0.206738 2.481655 -1.970413 4.590697 -0.207313
1220.598939 750.569180 -171.008441 0.220558 0.206738 2.481655 -1.840461 4.643582 -0.223268
1292.882031 777.448144 -179.671821 0.220558 0.206738 2.481655 -1.701676 4.695395 -0.239919
1364.028852 801.432235 -187.993053 0.220558 0.206738 2.481655 -1.553565 4.745551 -0.257261
1434.039401 822.521454 -195.972137 0.220558 0.206738 2.481655 -1.395671 4.793363 -0.275277
1502.913679 840.715800 -203.609074 0.220558 0.206738 2.481655 -1.227594 4.838038 -0.293936
1570.651686 856.015273 -210.903862 0.220558 0.206738 2.481655 -1.049021 4.878675 -0.313192
1637.253421 868.419873 -217.856503 0.220558 0.206738 2.481655 -0.859754 4.914260 -0.332978
1702.718885 877.929601 -224.466996 0.220558 0.206738 2.481655 -0.659749 4.943681 -0.353204
1767.048078 884.544456 -230.735341 0.220558 0.206738 2.481655 -0.449155 4.965739 -0.373759
1830.241000 888.264439 -236.661538 0.220558 0.206738 2.481655 -0.228349 4.979179 -0.394503
1892.297650 889.089548 -242.245588 0.220558 0.206738 2.481655 0.002026 4.982725 -0.415273
1953.218028 887.019785 -247.487489 0.220558 0.206738 2.481655 0.241034 4.975129 -0.435882
2013.002136 882.055150 -252.387243 0.220558 0.206738 2.481655 0.487432 4.955236 -0.456123
2071.649972 874.195641 -256.944849 0.220558 0.206738 2.481655 0.739666 4.922045 -0.475776
2129.161536 863.441260 -261.160307 0.220558 0.206738 2.481655 0.995904 4.874786 -0.494612
2185.536830 849.792007 -265.033617 0.220558 0.206738 2.481655 1.254074 4.812976 -0.512408
2240.775852 833.247880 -268.564779 0.220558 0.206738 2.481655 1.511936 4.736482 -0.528953
2294.878603 813.808881 -271.753794 0.220558 0.206738 2.481655 1.767171 4.645546 -0.544062
2347.845082 791.475009 -274.600660 0.220558 0.206738 2.481655 2.017483 4.540800 -0.557582
2399.675290 766.246265 -277.105379 0.220558 0.206738 2.481655 2.260695 4.423238 -0.569404
2450.369227 738.122648 -279.267950 0.220558 0.206738 2.481655 2.494846 4.294178 -0.579463
2499.926892 707.104158 -281.088373 0.220558 0.206738 2.481655 2.718268 4.155187 -0.587741
2548.348286 673.190796 -282.566648 0.220558 0.206738 2.481655 2.929636 4.008003 -0.594265
2595.633409 636.382560 -283.702776 0.220558 0.206738 2.481655 3.127992 3.854445 -0.599101
2641.782261 596.679453 -284.496755 0.220558 0.206738 2.481655 3.312747 3.696333 -0.602350
2686.794841 554.081472 -284.948587 0.220558 0.206738 2.481655 3.483657 3.535414 -0.604134
2730.671149 508.588619 -285.058271 0.220558 0.206738 2.481655 3.640781 3.373305 -0.604594
2773.411187 460.200893 -284.825807 0.220558 0.206738 2.481655 3.784431 3.211450 -0.603877
2815.014953 408.918294 -284.251195 0.220558 0.206738 2.481655 3.915123 3.051106 -0.602135
2855.482448 354.740823 -283.334435 0.220558 0.206738 2.481655 4.033518 2.893323 -0.599513
2894.813671 297.668479 -282.075528 0.220558 0.206738 2.481655 4.140377 2.738957 -0.596150
2933.008623 237.701262 -280.474472 0.220558 0.206738 2.481655 4.236517 2.588678 -0.592176
2970.067304 174.839173 -278.531269 0.220558 0.206738 2.481655 4.322780 2.442986 -0.587705
3005.989714 109.082211 -276.245918 0.220558 0.206738 2.481655 4.400001 2.302235 -0.582843
3040.775852 40.430376 -273.618419 0.220558 0.206738 2.481655 4.468994 2.166652 -0.577680
3074.425719 -31.116331 -270.648772 0.220558 0.206738 2.481655 4.530532 2.036360 -0.572295
3106.939314 -105.557911 -267.336978 0.220558 0.206738 2.481655 4.585342 1.911394 -0.566756
3138.316638 -182.894364 -263.683035 0.220558 0.206738 2.481655 4.634100 1.791721 -0.561119
3168.557691 -263.125689 -259.686945 0.220558 0.206738 2.481655 4.677425 1.677257 -0.555434
3197.662473 -346.251888 -255.348707 0.220558 0.206738 2.481655 4.715883 1.567874 -0.549740
3225.630983 -432.272958 -250.668321 0.220558 0.206738 2.481655 4.749989 1.463418 -0.544069
3252.463222 -521.188902 -245.645787 0.220558 0.206738 2.481655 4.780206 1.363711 -0.538449
3278.159189 -612.999718 -240.281105 0.220558 0.206738 2.481655 4.806950 1.268564 -0.532899
3302.718885 -707.705407 -234.574276 0.220558 0.206738 2.481655 4.830595 1.177780 -0.527438
3326.142310 -805.305968 -228.525298 0.220558 0.206738 2.481655 4.851475 1.091158 -0.522077
3348.429464 -905.801403 -222.134173 -1.325124 -0.147490 2.114780 4.109330 1.049293 2.648092
3378.652945 -1054.831466 -214.437677 -1.931940 -0.311451 1.555829 3.028700 0.739695 3.908942
3404.166334 -1196.093044 -211.034786 -1.931940 -0.311451 1.555829 3.061018 0.561567 3.913415
3424.969631 -1329.586138 -211.925500 -1.931940 -0.311451 1.555829 3.092684 0.359540 3.912293
3441.062837 -1455.310746 -217.109820 -1.931940 -0.311451 1.555829 3.122333 0.129710 3.903102
3452.445951 -1573.266870 -226.587744 -1.931940 -0.311451 1.555829 3.147908 -0.132253 3.882420
3459.118973 -1683.454508 -240.359274 -1.931940 -0.311451 1.555829 3.166375 -0.430881 3.845570
3461.081903 -1785.873661 -258.424409 -1.931940 -0.311451 1.555829 3.173384 -0.770421 3.786303
3458.334741 -1880.524330 -280.783149 -1.931940 -0.311451 1.555829 3.162920 -1.153917 3.696540
3450.877488 -1967.406513 -307.435495 -1.931940 -0.311451 1.555829 3.127105 -1.581700 3.566432
3438.710143 -2046.520212 -338.381445 -1.931940 -0.311451 1.555829 3.056431 -2.049271 3.385073
3421.832706 -2117.865425 -373.621001 -1.931940 -0.311451 1.555829 2.940877 -2.544966 3.142355
3400.245177 -2181.442153 -413.154162 -1.931940 -0.311451 1.555829 2.772250 -3.048526 2.832159
3373.947557 -2237.250397 -456.980928 -1.931940 -0.311451 1.555829 2.547480 -3.532339 2.456202
3342.939844 -2285.290155 -505.101299 -1.931940 -0.311451 1.555829 2.271497 -3.966515 2.026587
3307.222040 -2325.561429 -557.515276 -1.931940 -0.311451 1.555829 1.957636 -4.326562 1.564777
3266.794145 -2358.064217 -614.222857 -1.931940 -0.311451 1.555829 1.624627 -4.599796 1.096568
3221.656157 -2382.798521 -675.224044 -1.931940 -0.311451 1.555829 1.291617 -4.786955 0.645589
3171.808078 -2399.764339 -740.518836 -1.931940 -0.311451 1.555829 0.973936 -4.898892 0.228702
3117.249906 -2408.961672 -810.107233 -1.931940 -0.311451 1.555829 0.681277 -4.951241 -0.145184
3057.981643 -2410.390521 -883.989235 -1.931940 -0.311451 1.555829 0.418077 -4.959917 -0.473748
2994.003289 -2404.050884 -962.164843 -1.931940 -0.311451 1.555829 0.184954 -4.938600 -0.758959
2925.314842 -2389.942763 -1044.634056 -1.931940 -0.311451 1.555829 -0.019752 -4.897915 -1.005007
2851.916304 -2368.066156 -1131.396874 -1.931940 -0.311451 1.555829 -0.198809 -4.845585 -1.216874
2773.807674 -2338.421065 -1222.453297 -1.931940 -0.311451 1.555829 -0.355329 -4.786976 -1.399499
2690.988952 -2301.007488 -1317.803325 -1.931940 -0.311451 1.555829 -0.492354 -4.725690 -1.557381
2603.460138 -2255.825427 -1417.446958 -1.931940 -0.311451 1.555829 -0.612658 -4.664070 -1.694432
2511.221233 -2202.874880 -1521.384197 -1.931940 -0.311451 1.555829 -0.718670 -4.603590 -1.813965
2414.272235 -2142.155849 -1629.615041 -1.931940 -0.311451 1.555829 -0.812475 -4.545140 -1.918746
2312.613146 -2073.668332 -1742.139490 -1.931940 -0.311451 1.555829 -0.895839 -4.489218 -2.011068
2206.243966 -1997.412331 -1858.957544 -1.931940 -0.311451 1.555829 -0.970249 -4.436068 -2.092826
2095.164693 -1913.387844 -1980.069203 -1.931940 -0.311451 1.555829 -1.036953 -4.385768 -2.165586
1979.375329 -1821.594872 -2105.474468 -1.931940 -0.311451 1.555829 -1.097001 -4.338295 -2.230647
1858.875873 -1722.033416 -2235.173338 -1.931940 -0.311451 1.555829 -1.151274 -4.293560 -2.289085
1733.666325 -1614.703474 -2369.165812 -1.931940 -0.311451 1.555829 -1.200517 -4.251439 -2.341800
1603.746685 -1499.605048 -2507.451893 -1.931940 -0.311451 1.555829 -1.245359 -4.211788 -2.389545
1469.116953 -1376.738136 -2650.031578 -1.931940 -0.311451 1.555829 -1.286334 -4.174456 -2.432953
1329.777130 -1246.102740 -2796.904868 -1.931940 -0.311451 1.555829 -1.323899 -4.139292 -2.472560
1185.727215 -1107.698859 -2948.071764 -1.931940 -0.311451 1.555829 -1.358444 -4.106147 -2.508821
1036.967208 -961.526492 -3103.532265 -1.931940 -0.311451 1.555829 -1.390305 -4.074881 -2.542124
