-0.318132 13.975760 -18.560632 -1.794330 1.375728 1.066655 -3.481067 -2.889044 -2.129694
-0.128777 68.913494 -89.107419 -1.781882 1.385760 1.074508 -3.506404 -2.755735 -2.260764
3.275088 135.318071 -169.120901 -1.765481 1.398136 1.085493 -3.531535 -2.569128 -2.434716
10.008158 199.054314 -240.282793 -1.748201 1.410122 1.097883 -3.546626 -2.356456 -2.620794
19.866993 259.962808 -302.835444 -1.730148 1.421452 1.111783 -3.547647 -2.112635 -2.819747
32.648157 317.884137 -357.021204 -1.711486 1.431803 1.127279 -3.529042 -1.831416 -3.031795
48.148209 372.658885 -403.082421 -1.692448 1.440804 1.144423 -3.483156 -1.505242 -3.256051
66.163712 424.127635 -441.261444 -1.673351 1.448035 1.163224 -3.399540 -1.125342 -3.489517
86.491228 472.130973 -471.800622 -1.654599 1.453042 1.183626 -3.264260 -0.682361 -3.725452
108.927317 516.509482 -494.942304 -1.636681 1.455353 1.205497 -3.059638 -0.168167 -3.950991
133.268541 557.103746 -510.928838 -1.620159 1.454512 1.228608 -2.765423 0.420330 -4.144365
159.311463 593.754350 -520.002574 -1.605647 1.450111 1.252628 -2.363040 1.074817 -4.273267
186.852643 626.301877 -522.405859 -1.593768 1.441831 1.277117 -1.844320 1.768230 -4.297889
215.688642 654.586912 -518.381044 -1.585103 1.429488 1.301542 -1.222765 2.452123 -4.182337
245.616024 678.450038 -508.170477 -1.580136 1.413066 1.325298 -0.539102 3.066467 -3.912307
276.431349 697.731840 -492.016506 -1.579197 1.392738 1.347746 0.148172 3.561242 -3.506508
307.931178 712.272902 -470.161481 -1.582417 1.368873 1.368262 0.784119 3.914886 -3.009788
339.912074 721.913808 -442.847751 -1.589712 1.342018 1.386291 1.334528 4.135544 -2.473118
372.170597 726.495142 -410.317664 -1.600783 1.312856 1.401393 1.788698 4.248438 -1.936836
404.503310 725.857488 -372.813568 -1.615154 1.282151 1.413282 2.152093 4.282160 -1.425344
436.706774 719.841430 -330.577814 -1.632222 1.250690 1.421839 2.437569 4.260992 -0.949846
468.577551 708.287553 -283.852749 -1.651318 1.219223 1.427111 2.659490 4.202816 -0.513278
499.912201 691.036440 -232.880723 -1.671772 1.188412 1.429285 2.830912 4.119814 -0.114321
530.507287 667.928675 -177.904084 -1.692958 1.158806 1.428658 2.962670 4.019954 0.250116
560.159371 638.804843 -119.165182 -1.714328 1.130819 1.425597 3.063362 3.908355 0.583590
588.665013 603.505528 -56.906365 -1.735435 1.104739 1.420499 3.139655 3.788312 0.889527
615.820775 561.871314 8.630019 -1.755931 1.080730 1.413764 3.196663 3.661984 1.170991
641.423220 513.742784 77.201620 -1.775567 1.058859 1.405767 3.238286 3.530834 1.430635
665.268908 458.960524 148.566089 -1.794175 1.039112 1.396847 3.267497 3.395904 1.670719
687.154401 397.365116 222.481077 -1.811660 1.021416 1.387298 3.286562 3.257983 1.893161
706.876260 328.797146 298.704237 -1.827980 1.005661 1.377365 3.297219 3.117706 2.099586
724.231048 253.097197 376.993218 -1.843134 0.991708 1.367250 3.300805 2.975613 2.291377
739.015325 170.105853 457.105673 -1.857150 0.979410 1.357111 3.298364 2.832188 2.469718
751.025654 79.663699 538.799252 -1.870076 0.968613 1.347072 3.290716 2.687872 2.635627
760.058596 -18.388681 621.831606 -1.881973 0.959169 1.337226 3.278521 2.543079 2.789990
765.910712 -124.210704 705.960386 -1.892908 0.950933 1.327639 3.262319 2.398200 2.933583
768.378564 -237.961786 790.943245 -1.902950 0.943775 1.318359 3.242559 2.253605 3.067095
767.258713 -359.801341 876.537832 -1.912169 0.937570 1.309416 3.219628 2.109643 3.191144
762.347722 -489.888787 962.501800 -1.920633 0.932209 1.300829 3.193863 1.966642 3.306290
753.442151 -628.383538 1048.592798 -1.928405 0.927592 1.292605 3.165566 1.824908 3.413049
740.338562 -775.445012 1134.568479 -1.815285 0.982960 1.410153 3.410660 1.544606 3.313848
717.292081 -966.234786 1238.358857 -1.717093 1.023883 1.501084 3.581167 1.204830 3.274695
689.197894 -1135.162755 1321.463311 -1.708187 1.026500 1.509436 3.550905 0.907993 3.400974
656.542243 -1282.658779 1384.830783 -1.699467 1.028259 1.518056 3.487281 0.532465 3.543353
619.811370 -1409.152719 1429.410213 -1.691195 1.028929 1.526815 3.365431 0.044831 3.697548
579.491515 -1515.074435 1456.150540 -1.683689 1.028255 1.535541 3.139237 -0.601527 3.844913
536.068922 -1600.853789 1466.000705 -1.677321 1.025981 1.544007 2.726584 -1.456587 3.929897
490.029831 -1666.920640 1459.909648 -1.672506 1.021865 1.551939 2.009918 -2.517676 3.823812
441.860485 -1713.704850 1438.826310 -1.669665 1.015709 1.559023 0.929962 -3.600900 3.341959
392.047125 -1741.636279 1403.699631 -1.669189 1.007393 1.564917 -0.319383 -4.343754 2.455564
341.075994 -1751.144788 1355.478550 -1.671388 0.996901 1.569284 -1.386013 -4.584391 1.436080
289.433333 -1742.660238 1295.112010 -1.676434 0.984349 1.571822 -2.123074 -4.493384 0.549595
237.605383 -1716.612489 1223.548948 -1.684327 0.969995 1.572308 -2.590167 -4.274588 -0.137606
186.078387 -1673.431402 1141.738307 -1.694872 0.954225 1.570625 -2.882447 -4.031691 -0.661035
135.338587 -1613.546837 1050.629025 -1.707693 0.937523 1.566792 -3.067568 -3.800938 -1.069063
85.872223 -1537.388656 951.170044 -1.722275 0.920421 1.560959 -3.186282 -3.590559 -1.398389
38.165539 -1445.386718 844.310303 -1.738030 0.903450 1.553393 -3.262628 -3.399248 -1.673432
-7.295225 -1337.970886 730.998744 -1.754361 0.887083 1.544442 -3.311158 -3.223086 -1.909960
-50.023826 -1215.571018 612.184305 -1.770722 0.871702 1.534496 -3.341003 -3.057917 -2.118217
-89.534022 -1078.616976 488.815928 -1.786661 0.857582 1.523941 -3.358067 -2.900062 -2.305001
-125.339573 -927.538621 361.842552 -1.801834 0.844886 1.513130 -3.366229 -2.746465 -2.474962
-156.954236 -762.765814 232.213118 -1.816011 0.833680 1.502359 -3.368032 -2.594646 -2.631382
-183.891768 -584.728414 100.876567 -1.829057 0.823952 1.491863 -3.365102 -2.442605 -2.776647
-205.665930 -393.856283 -31.218162 -1.840919 0.815632 1.481811 -3.358413 -2.288728 -2.912523
-221.790478 -190.579281 -163.122129 -1.851602 0.808614 1.472315 -3.348474 -2.131698 -3.040327
-231.779170 24.672731 -293.886393 -1.861153 0.802773 1.463443 -3.335457 -1.970441 -3.161027
-235.145766 251.469892 -422.562013 -1.869645 0.797974 1.455220 -3.319291 -1.804076 -3.275304
-231.404023 489.382342 -548.200051 -1.877162 0.794088 1.447649 -3.299729 -1.631889 -3.383597
-220.067700 737.980220 -669.851564 -1.883796 0.790989 1.440711 -3.276396 -1.453320 -3.486128
-200.650554 996.833665 -786.567614 -1.889639 0.788566 1.434374 -3.248835 -1.267956 -3.582926
-172.666345 1265.512817 -897.399259 -1.253954 0.920563 1.957080 -4.291523 -0.492665 -2.517957
-137.802551 1519.295071 -996.809240 -0.202887 0.932897 2.310528 -4.931085 0.520394 -0.643111
-98.557254 1734.769060 -1080.367162 -0.197009 0.932138 2.311343 -4.893943 0.734970 -0.713544
-55.660110 1913.471779 -1148.784384 -0.191150 0.931078 2.312262 -4.830009 1.010489 -0.806181
-9.840775 2056.940224 -1202.772264 -0.185517 0.929658 2.313292 -4.714340 1.380209 -0.932747
38.171092 2166.711391 -1243.042161 -0.180392 0.927824 2.314433 -4.488102 1.902453 -1.112479
87.645835 2244.322274 -1270.305434 -0.176131 0.925530 2.315680 -3.997020 2.672307 -1.372080
137.853798 2291.309870 -1285.273440 -0.173159 0.922752 2.317012 -2.833479 3.750135 -1.705251
188.065322 2309.211174 -1288.657539 -0.171930 0.919504 2.318394 -0.424508 4.620142 -1.863887
237.550752 2299.563181 -1281.169090 -0.172871 0.915847 2.319771 2.233302 4.215329 -1.497787
285.580429 2263.902887 -1263.519450 -0.176296 0.911898 2.321069 3.681358 3.234946 -0.991325
331.424698 2203.767288 -1236.419978 -0.182318 0.907824 2.322200 4.313723 2.451114 -0.619547
374.353901 2120.693378 -1200.582033 -0.190795 0.903824 2.323080 4.610693 1.900371 -0.360686
413.638381 2016.218154 -1156.716974 -0.201322 0.900098 2.323638 4.766728 1.500021 -0.168063
448.548481 1891.878610 -1105.536158 -0.213293 0.896815 2.323839 4.856078 1.190929 -0.013888
478.354544 1749.211743 -1047.750946 -0.226012 0.894090 2.323687 4.909881 0.937785 0.116723
502.326914 1589.754548 -984.072694 -0.238808 0.891973 2.323221 4.942554 0.719293 0.231889
519.735932 1415.044020 -915.212763 -0.251126 0.890457 2.322504 4.961288 0.522036 0.336300
529.851943 1226.617155 -841.882509 -0.262572 0.889487 2.321609 4.969801 0.337140 0.432911
531.945289 1026.010948 -764.793293 -0.272914 0.888988 2.320607 4.969964 0.158455 0.523788
525.286314 814.762396 -684.656472 -0.282055 0.888873 2.319558 4.962552 -0.018479 0.610521
509.145359 594.408492 -602.183405 -0.290001 0.889057 2.318508 4.947623 -0.197041 0.694410
482.792769 366.486233 -518.085451 -0.296819 0.889464 2.317488 4.924697 -0.379903 0.776554
445.498886 132.532615 -433.073968 -0.302614 0.890032 2.316520 4.892852 -0.569247 0.857879
396.534053 -105.915367 -347.860314 -0.307504 0.890710 2.315616 4.850761 -0.766888 0.939148
335.168614 -347.320718 -263.155850 -0.311608 0.891456 2.314780 4.796702 -0.974330 1.020946
260.672911 -590.146443 -179.671932 -0.315038 0.892242 2.314013 4.728558 -1.192754 1.103667
172.317287 -832.855545 -98.119919 -0.317894 0.893044 2.313313 4.643820 -1.422964 1.187480
69.372086 -1073.911029 -19.211171 -0.320267 0.893846 2.312676 4.539617 -1.665281 1.272289
-48.892350 -1311.775900 56.342955 -0.322231 0.894637 2.312097 4.412781 -1.919391 1.357682
