16.017079 -5.622749 0.804367 -0.831890 -2.355400 0.100239 -0.152203 0.266142 4.990591
79.051699 -27.778039 3.331502 -0.831890 -2.355400 0.100239 -0.079198 0.240485 4.993585
155.519155 -54.716810 4.937171 -0.831890 -2.355400 0.100239 0.017776 0.206326 4.995710
229.402368 -80.816313 4.817008 -0.831890 -2.355400 0.100239 0.121613 0.169649 4.995641
300.701336 -106.076550 2.971013 -0.831890 -2.355400 0.100239 0.232901 0.130226 4.992875
369.416061 -130.497518 -0.600816 -0.831890 -2.355400 0.100239 0.352265 0.087810 4.986802
435.546543 -154.079220 -5.898477 -0.831890 -2.355400 0.100239 0.480358 0.042140 4.976694
499.092781 -176.821654 -12.921970 -0.831890 -2.355400 0.100239 0.617853 -0.007061 4.961674
560.054775 -198.724820 -21.671296 -0.831890 -2.355400 0.100239 0.765426 -0.060073 4.940700
618.432526 -219.788719 -32.146454 -0.831890 -2.355400 0.100239 0.923725 -0.117181 4.912535
674.226033 -240.013351 -44.347445 -0.831890 -2.355400 0.100239 1.093336 -0.178651 4.875726
727.435297 -259.398715 -58.274269 -0.831890 -2.355400 0.100239 1.274731 -0.244724 4.828578
778.060317 -277.944811 -73.926925 -0.831890 -2.355400 0.100239 1.468197 -0.315582 4.769152
826.101094 -295.651640 -91.305413 -0.831890 -2.355400 0.100239 1.673746 -0.391323 4.695257
871.557627 -312.519202 -110.409735 -0.831890 -2.355400 0.100239 1.891012 -0.471921 4.604494
914.429916 -328.547497 -131.239888 -0.831890 -2.355400 0.100239 2.119127 -0.557177 4.494314
954.717962 -343.736523 -153.795874 -0.831890 -2.355400 0.100239 2.356594 -0.646671 4.362142
992.421764 -358.086283 -178.077693 -0.831890 -2.355400 0.100239 2.601176 -0.739717 4.205556
1027.541323 -371.596775 -204.085345 -0.831890 -2.355400 0.100239 2.849822 -0.835324 4.022530
1060.076638 -384.267999 -231.818829 -0.831890 -2.355400 0.100239 3.098673 -0.932186 3.811726
1090.027709 -396.099956 -261.278145 -0.831890 -2.355400 0.100239 3.343178 -1.028709 3.572803
1117.394537 -407.092646 -292.463294 -0.831890 -2.355400 0.100239 3.578330 -1.123086 3.306695
1142.177122 -417.246068 -325.374275 -0.831890 -2.355400 0.100239 3.799042 -1.213419 3.015774
1164.375463 -426.560223 -360.011090 -0.831890 -2.355400 0.100239 4.000590 -1.297877 2.703849
1183.989560 -435.035110 -396.373736 -0.831890 -2.355400 0.100239 4.179064 -1.374866 2.375956
1201.019413 -442.670730 -434.462215 -0.831890 -2.355400 0.100239 4.331736 -1.443171 2.037969
1215.465024 -449.467082 -474.276527 -0.831890 -2.355400 0.100239 4.457257 -1.502052 1.696083
1227.326390 -455.424167 -515.816671 -0.831890 -2.355400 0.100239 4.555661 -1.551268 1.356288
1236.603513 -460.541985 -559.082648 -0.831890 -2.355400 0.100239 4.628198 -1.591032 1.023916
1243.296392 -464.820535 -604.074457 -0.831890 -2.355400 0.100239 4.677037 -1.621924 0.703341
1247.405028 -468.259818 -650.792099 -0.831890 -2.355400 0.100239 4.704936 -1.644779 0.397840
1248.929420 -470.859833 -699.235574 -0.831890 -2.355400 0.100239 4.714922 -1.660572 0.109604
1247.869569 -472.620581 -749.404881 -0.831890 -2.355400 0.100239 4.710029 -1.670324 -0.160152
1244.225474 -473.542061 -801.300020 -0.831890 -2.355400 0.100239 4.693117 -1.675027 -0.411016
1237.997136 -473.624274 -854.920992 -0.831890 -2.355400 0.100239 4.666762 -1.675600 -0.643195
1229.184554 -472.867219 -910.267797 -0.831890 -2.355400 0.100239 4.633197 -1.672858 -0.857336
1217.787728 -471.270897 -967.340434 -0.831890 -2.355400 0.100239 4.594311 -1.667510 -1.054378
1203.806659 -468.835307 -1026.138904 -0.831890 -2.355400 0.100239 4.551661 -1.660152 -1.235427
1187.241346 -465.560450 -1086.663206 -0.831890 -2.355400 0.100239 4.506506 -1.651279 -1.401670
1168.091790 -461.446326 -1148.913341 -0.831890 -2.355400 0.100239 4.459851 -1.641297 -1.554307
1146.357990 -456.492934 -1212.889309 -0.831890 -2.355400 0.100239 4.412483 -1.630533 -1.694508
1122.039946 -450.700275 -1278.591108 -0.831890 -2.355400 0.100239 4.365007 -1.619250 -1.823386
1095.137659 -444.068348 -1346.018741 -0.831890 -2.355400 0.100239 4.317888 -1.607656 -1.941981
1065.651129 -436.597154 -1415.172206 -0.831890 -2.355400 0.100239 4.271468 -1.595911 -2.051251
1033.580354 -428.286692 -1486.051503 -0.831890 -2.355400 0.100239 4.226000 -1.584143 -2.152073
998.925337 -419.136963 -1558.656634 -0.831890 -2.355400 0.100239 4.181662 -1.572449 -2.245242
961.686075 -409.147967 -1632.987596 -0.831890 -2.355400 0.100239 4.138575 -1.560901 -2.331477
921.862570 -398.319703 -1709.044391 -0.831890 -2.355400 0.100239 4.096817 -1.549555 -2.411425
879.454822 -386.652171 -1786.827019 -0.831890 -2.355400 0.100239 4.056430 -1.538451 -2.485669
834.462830 -374.145373 -1866.335479 -0.831890 -2.355400 0.100239 4.017431 -1.527616 -2.554729
786.886594 -360.799306 -1947.569772 0.408158 -2.381675 -0.641119 4.235651 1.342998 -2.292513
715.581255 -341.749019 -2065.728008 1.371236 -1.769610 -1.112741 3.285476 3.470410 -1.470341
648.270280 -325.791223 -2174.045935 1.357048 -1.784627 -1.106132 3.259665 3.451355 -1.569309
584.953625 -312.769871 -2272.725822 1.342210 -1.800379 -1.098683 3.228255 3.430139 -1.677056
525.631247 -302.528912 -2361.969939 1.326811 -1.816801 -1.090324 3.189399 3.406596 -1.795225
470.303102 -294.912298 -2441.980556 1.310987 -1.833787 -1.080989 3.140506 3.380505 -1.925983
418.969146 -289.763978 -2512.959943 1.294936 -1.851186 -1.070631 3.077855 3.351500 -2.072259
371.629336 -286.927905 -2575.110369 1.278932 -1.868786 -1.059231 2.995961 3.318896 -2.238112
328.283628 -286.248029 -2628.634105 1.263336 -1.886313 -1.046807 2.886452 3.281300 -2.429294
288.931977 -287.568301 -2673.733418 1.248604 -1.903419 -1.033432 2.735997 3.235756 -2.654092
253.574340 -290.732670 -2710.610581 1.235290 -1.919686 -1.019246 2.522313 3.175784 -2.924437
222.210674 -295.585089 -2739.467861 1.224033 -1.934628 -1.004469 2.206115 3.086658 -3.256624
194.840935 -301.969508 -2760.507529 1.215533 -1.947706 -0.989403 1.715032 2.933530 -3.667842
171.465078 -309.729878 -2773.931854 1.210506 -1.958354 -0.974436 0.917357 2.632384 -4.150784
152.083060 -318.710149 -2779.943107 1.209616 -1.966010 -0.960018 -0.370173 2.002176 -4.566647
136.694838 -328.754272 -2778.743557 1.213404 -1.970159 -0.946639 -2.095827 0.851669 -4.458943
125.300367 -339.706198 -2770.535473 1.222199 -1.970385 -0.934779 -3.522347 -0.519450 -3.510448
117.899604 -351.409879 -2755.521125 1.236060 -1.966413 -0.924866 -4.161579 -1.528565 -2.311871
114.492505 -363.709263 -2733.902784 1.254729 -1.958151 -0.917225 -4.314800 -2.124242 -1.367513
115.079026 -376.448304 -2705.882718 1.277643 -1.945714 -0.912045 -4.282995 -2.481374 -0.706210
119.659124 -389.470950 -2671.663197 1.303984 -1.929426 -0.909362 -4.189766 -2.718053 -0.240944
128.232754 -402.621153 -2631.446491 1.332766 -1.909798 -0.909068 -4.077402 -2.892252 0.098336
140.799873 -415.742864 -2585.434870 1.362943 -1.887482 -0.910932 -3.960265 -3.031444 0.355875
157.360437 -428.680034 -2533.830604 1.393514 -1.863209 -0.914643 -3.843415 -3.148924 0.558961
177.914403 -441.276613 -2476.835962 1.423602 -1.837726 -0.919847 -3.728753 -3.251307 0.724847
202.461727 -453.376552 -2414.653213 1.452508 -1.811739 -0.926187 -3.617067 -3.341990 0.864831
231.002364 -464.823802 -2347.484629 1.479724 -1.785865 -0.933328 -3.508709 -3.422818 0.986547
263.536271 -475.462313 -2275.532477 1.504928 -1.760612 -0.940978 -3.403826 -3.494897 1.095291
300.063405 -485.136037 -2198.999028 1.527955 -1.736363 -0.948892 -3.302426 -3.558991 1.194808
340.583721 -493.688924 -2118.086552 1.548767 -1.713391 -0.956876 -3.204407 -3.615713 1.287786
385.097176 -500.964925 -2032.997318 1.567416 -1.691864 -0.964781 -3.109581 -3.665607 1.376166
433.603726 -506.807991 -1943.933597 1.584016 -1.671866 -0.972501 -3.017689 -3.709174 1.461363
486.103327 -511.062072 -1851.097657 1.598714 -1.653418 -0.979960 -2.928422 -3.746885 1.544409
542.595936 -513.571120 -1754.691768 1.611679 -1.636492 -0.987110 -2.841442 -3.779173 1.626055
603.081508 -514.179084 -1654.918201 1.623081 -1.621026 -0.993922 -2.756398 -3.806435 1.706847
667.560001 -512.729917 -1551.979224 1.633089 -1.606939 -1.000383 -2.672934 -3.829022 1.787181
736.031369 -509.067568 -1446.077108 1.641859 -1.594137 -1.006491 -2.590709 -3.847244 1.867335
808.495570 -503.035989 -1337.414122 1.649538 -1.582521 -1.012252 -2.509393 -3.861371 1.947502
884.952560 -494.479130 -1226.192536 1.656255 -1.571991 -1.017676 -2.428679 -3.871629 2.027809
965.402294 -483.240941 -1112.614619 1.662130 -1.562451 -1.022777 -2.348285 -3.878208 2.108332
1049.844730 -469.165375 -996.882642 1.667265 -1.553809 -1.027572 -2.267951 -3.881264 2.189107
1138.279823 -452.096381 -879.198874 1.671754 -1.545980 -1.032078 -2.187446 -3.880923 2.270135
1230.707529 -431.877911 -759.765585 1.675677 -1.538884 -1.036312 -2.106564 -3.877286 2.351391
1327.127806 -408.353914 -638.785044 1.679104 -1.532450 -1.040292 -2.025122 -3.870430 2.432829
1427.540608 -381.368343 -516.459521 1.682096 -1.526612 -1.044034 -1.942965 -3.860412 2.514381
1531.945893 -350.765147 -392.991285 1.684709 -1.521311 -1.047555 -1.859959 -3.847275 2.595963
1640.343616 -316.388277 -268.582608 1.686987 -1.516492 -1.050869 -1.775995 -3.831051 2.677478
1752.733733 -278.081685 -143.435757 1.688972 -1.512109 -1.053992 -1.690988 -3.811761 2.758812
1869.116202 -235.689321 -17.753003 1.690700 -1.508117 -1.056937 -1.604871 -3.789419 2.839841
1989.490978 -189.055136 108.263384 1.692201 -1.504479 -1.059716 -1.517601 -3.764036 2.920431
