-2.577387 15.021711 -19.421447 2.356105 -0.480297 -0.684168 1.588029 3.851265 2.765127
-12.867267 73.811155 -96.133971 2.365826 -0.456124 -0.666946 1.525035 3.885877 2.752131
-25.674794 144.374548 -189.834888 2.377091 -0.426495 -0.646173 1.447691 3.929287 2.732197
-38.404968 211.683063 -281.102920 2.387414 -0.397548 -0.626265 1.371922 3.973037 2.707916
-51.040175 275.729585 -369.938238 2.396843 -0.369313 -0.607250 1.297733 4.017330 2.678983
-63.562801 336.506999 -456.341012 2.405424 -0.341815 -0.589151 1.225108 4.062377 2.645034
-75.955232 394.008190 -540.311411 2.413205 -0.315076 -0.571989 1.154006 4.108395 2.605640
-88.199855 448.226042 -621.849606 2.420231 -0.289115 -0.555781 1.084363 4.155605 2.560293
-100.279055 499.153441 -700.955767 2.426550 -0.263946 -0.540543 1.016085 4.204230 2.508390
-112.175220 546.783272 -777.630063 2.432206 -0.239582 -0.526285 0.949049 4.254487 2.449213
-123.870734 591.108419 -851.872666 2.437241 -0.216032 -0.513018 0.883097 4.306583 2.381908
-135.347985 632.121767 -923.683744 2.441697 -0.193303 -0.500749 0.818034 4.360698 2.305457
-146.589358 669.816201 -993.063468 2.445614 -0.171400 -0.489483 0.753619 4.416975 2.218646
-157.577241 704.184607 -1060.012008 2.449029 -0.150326 -0.479225 0.689560 4.475490 2.120023
-168.294018 735.219868 -1124.529534 2.451979 -0.130082 -0.469977 0.625505 4.536216 2.007857
-178.722076 762.914870 -1186.616216 2.454496 -0.110667 -0.461739 0.561036 4.598970 1.880082
-188.843802 787.262498 -1246.272224 2.456612 -0.092080 -0.454511 0.495656 4.663338 1.734244
-198.641581 808.255636 -1303.497728 2.458355 -0.074318 -0.448294 0.428779 4.728559 1.567443
-208.097800 825.887170 -1358.292897 2.459753 -0.057377 -0.443083 0.359728 4.793371 1.376294
-217.194845 840.149984 -1410.657903 2.460830 -0.041252 -0.438878 0.287732 4.855796 1.156918
-225.915102 851.036964 -1460.592915 2.461608 -0.025940 -0.435675 0.211944 4.912846 0.905001
-234.240958 858.540993 -1508.098104 2.462107 -0.011433 -0.433471 0.131483 4.960168 0.615996
-242.154798 862.654958 -1553.173638 2.462345 0.002273 -0.432262 0.045518 4.991632 0.285543
-249.639008 863.371742 -1595.819688 2.462338 0.015185 -0.432043 -0.046578 4.998977 -0.089758
-256.675976 860.684232 -1636.036425 2.462098 0.027309 -0.432811 -0.144998 4.971692 -0.511135
-263.248087 854.585311 -1673.824018 2.461638 0.038651 -0.434561 -0.249192 4.897485 -0.975984
-269.337728 845.067864 -1709.182637 2.460966 0.049218 -0.437289 -0.357556 4.763754 -1.476077
-274.927284 832.124777 -1742.112453 2.460090 0.059014 -0.440990 -0.467262 4.560274 -1.996388
-279.999141 815.748934 -1772.613635 2.459015 0.068046 -0.445660 -0.574433 4.282711 -2.515634
-284.535687 795.933221 -1800.686353 2.457745 0.076320 -0.451295 -0.674784 3.935574 -3.009307
-288.519307 772.670521 -1826.330778 2.456279 0.083841 -0.457889 -0.764589 3.532807 -3.454661
-291.932388 745.953721 -1849.547079 2.454620 0.090613 -0.465438 -0.841554 3.095149 -3.835602
-294.757315 715.775705 -1870.335426 2.452763 0.096642 -0.473937 -0.905193 2.645332 -4.145219
-296.976475 682.129357 -1888.695990 2.450704 0.101932 -0.483382 -0.956589 2.203436 -4.385181
-298.572253 645.007563 -1904.628941 2.448439 0.106487 -0.493766 -0.997801 1.784161 -4.563021
-299.527037 604.403207 -1918.134448 2.445960 0.110311 -0.505086 -1.031245 1.396318 -4.689012
-299.823213 560.309175 -1929.212681 2.443257 0.113406 -0.517335 -1.059239 1.043766 -4.773737
-299.443166 512.718351 -1937.863811 2.440319 0.115778 -0.530508 -1.083777 0.726875 -4.826705
-298.369283 461.623621 -1944.088008 2.437134 0.117427 -0.544597 -1.106454 0.443891 -4.855792
-296.583950 407.017868 -1947.885442 2.433689 0.118358 -0.559597 -1.128490 0.191968 -4.867202
-294.069553 348.893978 -1949.256282 2.429967 0.118572 -0.575499 -1.150786 -0.032151 -4.865661
-290.808479 287.244837 -1948.200698 2.425952 0.118072 -0.592296 -1.173994 -0.231728 -4.854693
-286.783113 222.063328 -1944.718862 2.421626 0.116861 -0.609977 -1.198573 -0.409820 -4.836886
-281.975842 153.342336 -1938.810942 2.416968 0.114940 -0.628533 -1.224846 -0.569179 -4.814124
-276.369052 81.074748 -1930.477109 2.411959 0.112312 -0.647952 -1.253026 -0.712231 -4.787761
-269.945130 5.253446 -1919.717533 2.406575 0.108980 -0.668222 -1.283256 -0.841080 -4.758764
-262.686461 -74.128683 -1906.532384 2.400794 0.104945 -0.689330 -1.315622 -0.957538 -4.727818
-254.575431 -157.078755 -1890.921832 2.394591 0.100212 -0.711259 -1.350168 -1.063157 -4.695396
-245.594428 -243.603885 -1872.886046 2.387943 0.094783 -0.733993 -1.386911 -1.159265 -4.661822
-235.725836 -333.711188 -1852.425197 2.380822 0.088663 -0.757513 -1.425845 -1.246993 -4.627307
-224.952043 -427.407779 -1829.539456 2.373203 0.081855 -0.781798 -1.466946 -1.327310 -4.591984
-213.255434 -524.700773 -1804.228991 2.365058 0.074365 -0.806827 -1.510176 -1.401044 -4.555924
-200.618396 -625.597286 -1776.493974 2.356361 0.066198 -0.832574 -1.555488 -1.468903 -4.519157
-187.023315 -730.104432 -1746.334573 2.347085 0.057362 -0.859012 -1.602826 -1.531495 -4.481682
-172.452577 -838.229327 -1713.750960 2.337202 0.047864 -0.886113 -1.652125 -1.589341 -4.443476
-156.888568 -949.979086 -1678.743303 2.326686 0.037712 -0.913844 -1.703313 -1.642891 -4.404502
-140.313675 -1065.360823 -1641.311774 2.315510 0.026916 -0.942173 -1.756312 -1.692531 -4.364712
-122.710283 -1184.381655 -1601.456542 2.303649 0.015488 -0.971063 -1.811039 -1.738595 -4.324052
-104.060779 -1307.048695 -1559.177777 2.291078 0.003440 -1.000474 -1.867404 -1.781373 -4.282466
-84.347550 -1433.369060 -1514.475650 2.277775 -0.009214 -1.030366 -1.925311 -1.821113 -4.239897
-63.552980 -1563.349864 -1467.350329 2.263718 -0.022459 -1.060696 -1.984662 -1.858033 -4.196288
-41.659458 -1696.998223 -1417.801986 2.248887 -0.036278 -1.091417 -2.045349 -1.892320 -4.151587
-18.649367 -1834.321250 -1365.830790 2.233265 -0.050652 -1.122481 -2.107264 -1.924139 -4.105743
5.494904 -1975.326063 -1311.436912 2.216835 -0.065561 -1.153838 -2.170292 -1.953633 -4.058713
30.790970 -2120.019775 -1254.620521 2.199587 -0.080984 -1.185436 -2.234313 -1.980927 -4.010458
57.256445 -2268.409503 -1195.381787 2.181509 -0.096897 -1.217222 -2.299206 -2.006131 -3.960945
84.908942 -2420.502360 -1133.720881 2.162595 -0.113276 -1.249140 -2.364845 -2.029342 -3.910151
116.849330 -2592.765842 -1062.654225 2.430622 0.229816 -0.537831 -0.803011 -2.032018 -4.497341
154.427138 -2790.627396 -977.375310 2.430622 0.229816 -0.537831 -0.785961 -2.121884 -4.458685
190.604099 -2975.647821 -892.940204 2.430622 0.229816 -0.537831 -0.766483 -2.221607 -4.413271
225.380214 -3147.827116 -809.348906 2.430622 0.229816 -0.537831 -0.744071 -2.332705 -4.359455
258.755483 -3307.165282 -726.601417 2.430622 0.229816 -0.537831 -0.718078 -2.456958 -4.295081
290.729906 -3453.662319 -644.697736 2.430622 0.229816 -0.537831 -0.687681 -2.596431 -4.217303
321.303482 -3587.318226 -563.637864 2.430622 0.229816 -0.537831 -0.651816 -2.753473 -4.122320
350.476211 -3708.133003 -483.421800 2.430622 0.229816 -0.537831 -0.609109 -2.930658 -4.005025
378.248095 -3816.106651 -404.049545 2.430622 0.229816 -0.537831 -0.557785 -3.130611 -3.858517
404.619132 -3911.239170 -325.521099 2.430622 0.229816 -0.537831 -0.495571 -3.355580 -3.673485
429.589323 -3993.530559 -247.836461 2.430622 0.229816 -0.537831 -0.419624 -3.606583 -3.437510
453.158667 -4062.980818 -170.995631 2.430622 0.229816 -0.537831 -0.326560 -3.881775 -3.134515
475.327165 -4119.589948 -94.998610 2.430622 0.229816 -0.537831 -0.212768 -4.173697 -2.744993
496.094817 -4163.357948 -19.845398 2.430622 0.229816 -0.537831 -0.075306 -4.465325 -2.248377
515.461622 -4194.284819 54.464006 2.430622 0.229816 -0.537831 0.086287 -4.726211 -1.629564
533.427581 -4212.370561 127.929601 2.430622 0.229816 -0.537831 0.267413 -4.912752 -0.890708
549.992694 -4217.615173 200.551388 2.430622 0.229816 -0.537831 0.456595 -4.978698 -0.063919
565.156960 -4210.018656 272.329367 2.430622 0.229816 -0.537831 0.637203 -4.896304 0.787514
578.920380 -4189.581009 343.263536 2.430622 0.229816 -0.537831 0.793521 -4.673909 1.588994
591.282954 -4156.302232 413.353897 2.430622 0.229816 -0.537831 0.916924 -4.352235 2.284141
602.244682 -4110.182326 482.600450 2.430622 0.229816 -0.537831 1.007244 -3.982657 2.850246
611.805563 -4051.221291 551.003194 2.430622 0.229816 -0.537831 1.069689 -3.607376 3.292811
619.965597 -3979.419126 618.562130 2.430622 0.229816 -0.537831 1.111057 -3.252405 3.631448
626.724786 -3894.775831 685.277257 2.430622 0.229816 -0.537831 1.137482 -2.929912 3.888670
632.083128 -3797.291407 751.148575 2.430622 0.229816 -0.537831 1.153686 -2.643237 4.084398
636.040624 -3686.965854 816.176085 2.430622 0.229816 -0.537831 1.163034 -2.391078 4.234395
638.597273 -3563.799171 880.359787 2.430622 0.229816 -0.537831 1.167831 -2.170130 4.350484
639.753076 -3427.791359 943.699680 2.430622 0.229816 -0.537831 1.169625 -1.976505 4.441329
639.508033 -3278.942417 1006.195764 2.430622 0.229816 -0.537831 1.169453 -1.806417 4.513229
637.862143 -3117.252345 1067.848040 2.430622 0.229816 -0.537831 1.168006 -1.656454 4.570768
634.815407 -2942.721144 1128.656507 2.430622 0.229816 -0.537831 1.165747 -1.523663 4.617303
630.367825 -2755.348814 1188.621166 2.430622 0.229816 -0.537831 1.162988 -1.405538 4.655311
624.519397 -2555.135354 1247.742016 2.430622 0.229816 -0.537831 1.159940 -1.299971 4.686642
