-52.250376 83.424650 -7.477891 -1.928356 -1.105235 1.144509 -1.776643 -1.488112 -4.430470
-241.071870 396.931493 -23.214537 -1.886325 -1.075208 1.239236 -2.100347 -1.319019 -4.341512
-432.421686 742.923394 -14.851465 -1.829907 -1.046564 1.343929 -2.495752 -1.037833 -4.206438
-575.778693 1037.856697 19.177550 -1.775237 -1.029620 1.427731 -2.876926 -0.640362 -4.038965
-673.538220 1282.434829 73.658641 -1.728284 -1.024158 1.487996 -3.238459 -0.068967 -3.808888
-728.670176 1478.055914 144.016669 -1.693156 -1.027558 1.525564 -3.553193 0.753204 -3.436205
-744.630050 1626.694975 226.259061 -1.671557 -1.035170 1.544125 -3.717960 1.883095 -2.762377
-725.272574 1730.795755 316.922540 -1.662917 -1.040958 1.549552 -3.498839 3.186202 -1.614387
-674.768199 1793.171839 413.022701 -1.664818 -1.038169 1.549382 -2.733695 4.184383 -0.133606
-597.522559 1816.916767 512.006394 -1.673338 -1.019936 1.552312 -1.696660 4.556755 1.165044
-498.099049 1805.322799 611.706890 -1.683170 -0.979820 1.567448 -0.748817 4.513331 2.017205
-381.144706 1761.808039 710.301784 -1.687532 -0.912476 1.603005 0.025062 4.333885 2.493353
-251.319525 1689.851581 806.273601 -1.678196 -0.814701 1.664308 0.678058 4.145019 2.712757
-113.229379 1592.936361 898.373074 -1.646369 -0.687104 1.751387 1.268610 3.976625 2.752650
28.637304 1474.499410 985.585048 -1.585167 -0.535996 1.857405 1.826853 3.818577 2.661029
169.968949 1337.889171 1067.096994 -1.493277 -0.373911 1.969852 2.355899 3.647938 2.478365
306.686177 1186.329572 1142.270066 -1.377248 -0.216957 2.075118 2.844198 3.443589 2.247716
434.992917 1022.890539 1210.612698 -1.249699 -0.079576 2.163774 3.280113 3.192690 2.011862
551.423135 850.464620 1271.756685 -1.124300 0.029782 2.232725 3.660103 2.889175 1.804526
652.883026 671.749412 1325.435711 -1.011396 0.109424 2.283660 3.987589 2.528537 1.644880
736.688512 489.235467 1371.466309 -0.916603 0.162412 2.320229 4.266800 2.104298 1.538295
800.597880 305.199360 1409.731187 -0.841697 0.194013 2.346040 4.496858 1.608368 1.480344
842.839423 121.701599 1440.164908 -0.786183 0.209953 2.363860 4.668525 1.034920 1.460759
862.133904 -59.410936 1462.741882 -0.748587 0.215603 2.375528 4.764499 0.386571 1.466325
857.711707 -236.498354 1477.466624 -0.727256 0.215802 2.382127 4.764188 -0.319342 1.483421
829.324509 -408.117220 1484.366259 -0.720764 0.214994 2.384172 4.652649 -1.048584 1.501108
777.251310 -573.006456 1483.485222 -0.728082 0.217514 2.381719 4.429736 -1.756033 1.514526
702.298685 -730.069989 1474.882127 -0.748596 0.227924 2.374375 4.112747 -2.398706 1.526932
605.795077 -878.356469 1458.628769 -0.782009 0.251369 2.361202 3.729678 -2.947867 1.549060
489.578996 -1017.036368 1434.811220 -0.828097 0.293860 2.340492 3.307804 -3.392672 1.596311
355.980948 -1145.376791 1403.532976 -0.886213 0.362312 2.309406 2.864864 -3.735248 1.685371
207.798956 -1262.714301 1364.920142 -0.954381 0.463925 2.263610 2.406130 -3.982367 1.830653
48.267503 -1368.426093 1319.128589 -1.027954 0.604183 2.197333 1.926707 -4.138708 2.039337
-118.980251 -1461.899821 1266.353071 -1.098372 0.782874 2.104920 1.417851 -4.205018 2.303807
-289.957141 -1542.502411 1206.838255 -1.153728 0.989187 1.985049 0.875857 -4.183824 2.593933
-460.373707 -1609.548160 1140.891633 -1.183161 1.200431 1.846374 0.308256 -4.091372 2.857561
-625.697111 -1662.266464 1068.898271 -1.183552 1.389244 1.708568 -0.271580 -3.964125 3.035120
-781.217397 -1699.769464 991.337372 -1.162174 1.535591 1.594149 -0.861650 -3.846045 3.076604
-922.121274 -1721.019958 908.800612 -1.132269 1.632941 1.517060 -1.485553 -3.761517 2.940089
-1043.573559 -1724.799876 822.012202 -1.106650 1.685574 1.477892 -2.189114 -3.689263 2.568486
-1140.806452 -1709.679642 731.850666 -1.094568 1.703067 1.466794 -3.004680 -3.535680 1.863026
-1209.216783 -1673.988751 639.372267 -1.101883 1.696635 1.468769 -3.844662 -3.115711 0.714788
-1244.471400 -1615.787868 545.836073 -1.132426 1.677533 1.467478 -4.382744 -2.276908 -0.779259
-1242.620859 -1532.842768 452.730611 -1.189160 1.656326 1.446541 -4.336908 -1.219511 -2.168876
-1200.221549 -1422.600443 361.802079 -1.274590 1.642257 1.388673 -3.872600 -0.347408 -3.143609
-1114.466433 -1282.167692 275.084077 -1.389864 1.642161 1.273414 -3.262502 0.173781 -3.784954
-983.324555 -1108.292505 194.928824 -1.531400 1.658050 1.075028 -2.595994 0.362944 -4.257827
-805.689457 -897.348570 124.039827 -1.683516 1.682419 0.765009 -1.843694 0.264996 -4.640105
-581.536679 -645.323213 65.505957 -1.809568 1.693364 0.328604 -0.960144 -0.073930 -4.906389
-312.090488 -347.809100 22.836909 -1.857765 1.660683 -0.202090 0.033983 -0.566508 -4.967687
-2372.404115 -2676.132238 81.974401 -1.797549 1.570791 -0.742585 -1.039187 1.067195 4.772964
-2317.583805 -2747.978056 -186.834003 -1.666895 1.684291 -0.796632 -3.384468 -3.631718 -0.596658
-2192.142058 -2749.653277 -454.880200 -1.735246 1.597652 -0.828511 -2.610917 -3.819238 -1.896453
-2012.331390 -2688.632148 -715.725907 -1.795988 1.490709 -0.895664 -1.804707 -3.798905 -2.703951
-1793.089096 -2572.244264 -963.328772 -1.840609 1.370708 -0.991625 -1.053782 -3.713827 -3.177583
-1548.033998 -2407.675129 -1192.100157 -1.863335 1.249737 -1.102787 -0.368053 -3.596539 -3.453903
-1289.463196 -2201.966705 -1396.962913 -1.864561 1.141286 -1.212798 0.251692 -3.437725 -3.621975
-1028.348810 -1962.017975 -1573.409158 -1.850537 1.055247 -1.308422 0.805763 -3.221644 -3.737881
-774.334732 -1694.585491 -1717.558058 -1.829780 0.995111 -1.382628 1.299681 -2.935819 -3.832988
-535.733372 -1406.283938 -1826.213604 -1.809610 0.958718 -1.433936 1.743251 -2.570342 -3.918471
-319.522403 -1103.586680 -1896.922391 -1.794803 0.940789 -1.464104 2.145455 -2.116173 -3.989841
-131.341512 -792.826325 -1928.031398 -1.787915 0.935159 -1.476088 2.509140 -1.566036 -4.031346
24.510855 -480.195275 -1918.745761 -1.790164 0.935951 -1.472857 2.827472 -0.918363 -4.020201
145.080743 -171.746282 -1869.186558 -1.802201 0.937863 -1.456876 3.083213 -0.183178 -3.931952
228.761945 126.606994 -1780.448586 -1.824616 0.935909 -1.429982 3.252008 0.613224 -3.748120
275.299250 409.089430 -1654.658135 -1.858174 0.924895 -1.393471 3.309630 1.429576 -3.464486
285.791697 670.063887 -1495.030773 -1.903760 0.898745 -1.348315 3.239701 2.219424 -3.094914
262.695830 904.030651 -1305.929120 -1.961925 0.849892 -1.295583 3.036362 2.944696 -2.666321
209.828947 1105.626878 -1092.920627 -2.031710 0.769169 -1.237147 2.700114 3.583520 -2.206302
132.372355 1269.626040 -862.835358 -2.108555 0.647333 -1.176841 2.231896 4.126644 -1.729003
36.874621 1390.937369 -623.823763 -2.181959 0.480039 -1.121881 1.632876 4.565000 -1.222494
-68.745173 1464.605300 -385.414462 -2.236048 0.276431 -1.083364 0.911263 4.874819 -0.636979
-175.194181 1485.808915 -158.572018 -2.256901 0.064712 -1.073411 0.083520 4.997722 0.125689
-271.802538 1449.861391 44.245278 -2.242770 -0.116841 -1.098331 -0.838585 4.779899 1.203886
-346.520106 1352.209440 209.027634 -2.204989 -0.240674 -1.153300 -1.798548 3.849762 2.635254
-385.913227 1188.432755 320.155978 -2.158392 -0.302066 -1.224786 -2.481326 1.894998 3.905382
-375.161463 954.243456 360.344176 -2.113342 -0.313843 -1.298186 -2.577502 -0.317326 4.272679
-298.054349 645.485531 310.581255 -2.074638 -0.294553 -1.363493 -2.354540 -1.882177 3.989179
-136.988138 258.134284 150.073626 -2.043569 -0.260370 -1.416346 -2.100251 -2.826179 3.549881
-1783.220011 2769.086631 2058.152496 -1.780450 -1.400360 -1.057823 -2.028921 4.101663 -2.014904
-2205.813263 2826.190853 2693.147317 -1.805516 -1.351406 -1.078802 -2.223842 4.203647 -1.543982
-2472.604178 2805.581365 3164.778028 -1.829347 -1.309472 -1.090308 -2.579295 4.219047 -0.739513
-2600.439977 2716.966940 3484.981523 -1.851512 -1.278000 -1.090238 -3.133958 3.797328 0.870980
-2606.110069 2569.962604 3666.202186 -1.871404 -1.260636 -1.076403 -3.148734 1.687090 3.498457
-2506.346056 2374.089641 3721.391900 -1.888041 -1.261025 -1.046479 -1.767294 -1.122091 4.540659
-2317.821729 2138.775588 3664.010038 -1.899776 -1.282552 -0.997954 -0.662046 -2.395288 4.338697
-2057.153069 1873.354238 3508.023471 -1.903965 -1.327950 -0.928152 0.018722 -2.882369 4.085535
-1740.898250 1587.065638 3267.906560 -1.896663 -1.398658 -0.834520 0.528353 -3.056370 3.921664
-1385.557633 1289.056092 2958.641164 -1.872619 -1.493812 -0.715419 0.985311 -3.066673 3.824223
-1007.573771 988.378157 2595.716633 -1.826030 -1.608988 -0.571639 1.436213 -2.965933 3.760390
-623.331409 693.990645 2195.129814 -1.752616 -1.735366 -0.408461 1.891858 -2.781382 3.699296
-249.157480 414.758626 1773.385044 -1.652852 -1.860610 -0.237084 2.342400 -2.541248 3.613201
98.678892 159.453420 1347.494159 -1.534526 -1.972265 -0.073505 2.770166 -2.285004 3.479215
403.966391 -63.247392 934.976486 -1.411847 -2.062122 0.065870 3.164830 -2.062184 3.275858
650.551511 -244.759980 553.858846 -1.300618 -2.128300 0.169503 3.537417 -1.925775 2.962781
822.338558 -376.594254 222.675557 -1.212711 -2.173675 0.233392 3.929570 -1.933289 2.412649
903.289645 -450.353872 -39.531573 -1.153360 -2.202735 0.260226 4.370062 -2.155839 1.120230
877.424695 -457.736237 -213.213239 -1.121730 -2.219412 0.256769 3.651229 -2.152280 -2.652587
728.821441 -390.532494 -278.312643 -1.113145 -2.226523 0.231309 -0.005612 -0.513884 -4.973519
441.615426 -240.627536 -214.265492 -1.121401 -2.226127 0.191887 -1.525828 0.359368 -4.747916
