-67.151251 23.656063 -15.456480 -0.969290 -1.964927 1.203968 0.038549 -2.626004 -4.254717
-321.780667 117.677333 -67.178345 -0.966961 -1.914255 1.284762 -0.258515 -2.691975 -4.205525
-609.195708 233.913714 -110.620668 -0.955962 -1.850735 1.382359 -0.657586 -2.743618 -4.127970
-863.235992 348.776163 -132.805234 -0.935804 -1.788377 1.475120 -1.090200 -2.752847 -4.029057
-1084.942806 462.269090 -136.121858 -0.906500 -1.728724 1.561977 -1.558636 -2.709033 -3.902793
-1275.407859 574.334290 -122.871906 -0.868283 -1.673345 1.641950 -2.063043 -2.599313 -3.739977
-1435.773281 684.850949 -95.268291 -0.821620 -1.623774 1.714147 -2.598784 -2.408898 -3.527539
-1567.231624 793.635640 -55.435478 -0.767232 -1.581432 1.777759 -3.152511 -2.122800 -3.248906
-1671.025861 900.442324 -5.409480 -0.706122 -1.547556 1.832065 -3.697835 -1.730095 -2.886657
-1748.449385 1004.962352 52.862141 -0.639631 -1.523099 1.876444 -4.193575 -1.231015 -2.428688
-1800.846011 1106.824462 117.520270 -0.569487 -1.508620 1.910432 -4.589326 -0.644405 -1.876919
-1829.609975 1205.594780 186.794248 -0.497859 -1.504160 1.933815 -4.840346 -0.009307 -1.253382
-1836.185934 1300.776820 259.001861 -0.427366 -1.509095 1.946789 -4.924793 0.624455 -0.597049
-1822.068967 1391.811486 332.549349 -0.361012 -1.522025 1.950156 -4.850433 1.212819 0.048652
-1788.804573 1478.077069 405.931402 -0.301986 -1.540708 1.945514 -4.646115 1.729932 0.648804
-1737.988672 1558.889248 477.731158 -0.253319 -1.562110 1.935366 -4.346621 2.169924 1.182504
-1671.267607 1633.501091 546.620209 -0.217397 -1.582607 1.923043 -3.981324 2.540900 1.641002
-1590.338140 1701.103053 611.358596 -0.195447 -1.598340 1.912357 -3.569782 2.857171 2.023173
-1496.947456 1760.822979 670.794809 -0.187117 -1.605686 1.907029 -3.121951 3.133131 2.331718
-1392.893159 1811.726102 723.865790 -0.190333 -1.601766 1.910005 -2.640180 3.379346 2.570889
-1280.023276 1852.815042 769.596931 -0.201498 -1.584901 1.922885 -2.121495 3.600398 2.745249
-1160.236254 1883.029808 807.102076 -0.216043 -1.554890 1.945673 -1.559815 3.793990 2.858779
-1035.480962 1901.247798 835.583517 -0.229163 -1.513037 1.976918 -0.948265 3.950928 2.913926
-907.756690 1906.283796 854.331998 -0.236558 -1.461900 2.014172 -0.281988 4.055745 2.910570
-779.113149 1896.889977 862.726713 -0.234974 -1.404814 2.054577 0.438085 4.088066 2.845311
-651.650471 1871.755903 860.235307 -0.222427 -1.345323 2.095384 1.200482 4.025449 2.711937
-527.519208 1829.508524 846.413874 -0.198158 -1.286694 2.134280 1.978926 3.848825 2.504076
-408.920336 1768.712179 820.906960 -0.162380 -1.231594 2.169518 2.732137 3.550583 2.220089
-298.105250 1687.868594 783.447561 -0.115978 -1.181958 2.199892 3.411483 3.142029 1.868003
-197.375767 1585.416885 733.857124 -0.060220 -1.139009 2.224642 3.975387 2.654309 1.466608
-109.084123 1459.733555 672.045545 0.003464 -1.103365 2.243340 4.402269 2.129966 1.040805
-35.632979 1309.132496 598.011172 0.073617 -1.075173 2.255789 4.693694 1.609974 0.614182
20.524585 1131.864986 511.840802 0.148845 -1.054247 2.261948 4.867697 1.124293 0.203696
56.885069 926.119696 413.709684 0.227854 -1.040174 2.261884 4.948913 0.689434 -0.181485
70.894550 690.022680 303.881517 0.309464 -1.032402 2.255743 4.961202 0.310999 -0.538287
59.948684 421.637385 182.708450 0.392613 -1.030303 2.243731 4.924190 -0.012299 -0.867294
21.392707 118.964642 50.631082 0.476351 -1.033219 2.226106 4.852620 -0.285241 -1.170774
817.793824 3110.275102 1265.378683 0.479065 -0.956429 2.259589 -1.072502 4.411574 2.094697
1147.583985 3177.882426 1223.957067 0.482916 -0.982392 2.247598 -0.282642 4.551588 2.050160
1437.326398 3189.512350 1166.691404 0.482033 -1.002949 2.238691 0.645119 4.575214 1.910821
1689.267707 3151.515407 1095.348913 0.478169 -1.017920 2.232755 1.644157 4.419503 1.662751
1905.575386 3069.851330 1011.745521 0.473487 -1.027243 2.229480 2.598496 4.062674 1.320038
2088.337441 2950.108664 917.735855 0.470560 -1.031036 2.228349 3.396564 3.550587 0.925572
2239.562637 2797.523575 815.202753 0.472313 -1.029663 2.228613 3.987567 2.970088 0.527150
2361.181252 2616.997858 706.046303 0.481879 -1.023787 2.229272 4.384386 2.398644 0.153843
2455.046369 2413.116134 592.172403 0.502338 -1.014399 2.229047 4.629246 1.880126 -0.187636
2522.935687 2190.162252 475.480843 0.536332 -1.002793 2.226377 4.764743 1.429411 -0.503993
2566.553865 1952.134887 357.852917 0.585569 -0.990485 2.219470 4.822692 1.044949 -0.806054
2587.535397 1702.762330 241.138550 0.650328 -0.979060 2.206471 4.823654 0.717948 -1.103138
2587.448010 1445.516480 127.142955 0.729084 -0.969995 2.185760 4.779931 0.437036 -1.400451
2567.796602 1183.626028 17.612812 0.818465 -0.964469 2.156366 4.698852 0.190204 -1.698413
2530.027693 920.088848 -85.778033 0.913648 -0.963233 2.118356 4.585361 -0.034397 -1.993309
2475.534420 657.683569 -181.443336 1.009159 -0.966545 2.073014 4.443589 -0.248025 -2.278815
2405.662052 398.980362 -267.899715 1.099832 -0.974203 2.022696 4.277388 -0.460978 -2.547833
2321.714037 146.350907 -343.782369 1.181588 -0.985620 1.970381 4.090024 -0.682258 -2.793962
2224.958580 -98.022430 -407.861286 1.251828 -0.999937 1.919128 3.883517 -0.919304 -3.012171
2116.635742 -332.138227 -459.057921 1.309404 -1.016121 1.871620 3.658063 -1.177792 -3.198653
1997.965080 -554.168446 -496.462354 1.354334 -1.033031 1.829925 3.411858 -1.461436 -3.350139
1870.153806 -762.451664 -519.350923 1.387425 -1.049460 1.795462 3.141390 -1.771706 -3.463052
1734.405478 -955.487117 -527.204331 1.409949 -1.064125 1.769090 2.842169 -2.107428 -3.532821
1591.929221 -1131.929541 -519.726235 1.423414 -1.075636 1.751257 2.509849 -2.464289 -3.553581
1443.949479 -1290.584819 -496.862305 1.429445 -1.082438 1.742129 2.141645 -2.834472 -3.518398
1291.716289 -1430.406429 -458.819766 1.429761 -1.082728 1.741690 1.737870 -3.206692 -3.420078
1136.516092 -1550.492700 -406.087407 1.426207 -1.074367 1.749763 1.303201 -3.567015 -3.252395
979.683065 -1650.084861 -339.456082 1.420849 -1.054788 1.765959 0.847160 -3.900527 -3.011346
822.610991 -1728.565904 -260.039668 1.416077 -1.020946 1.789524 0.383374 -4.193515 -2.695822
666.765651 -1785.460245 -169.296515 1.414699 -0.969381 1.819045 -0.072403 -4.435236 -2.307258
513.697745 -1820.434186 -69.051365 1.419948 -0.896518 1.852027 -0.504970 -4.618263 -1.848420
365.056349 -1833.297184 38.482251 1.435288 -0.799400 1.884385 -0.902360 -4.736835 -1.322172
222.602890 -1824.003921 150.679138 1.463901 -0.677061 1.910127 -1.258062 -4.783548 -0.731405
88.225662 -1792.657177 264.479091 1.507805 -0.532443 1.921725 -1.572781 -4.745507 -0.080794
-36.045141 -1739.511506 376.363063 1.566861 -0.374108 1.911803 -1.855496 -4.601343 0.620308
-148.021850 -1664.977718 482.328867 1.638251 -0.216152 1.876010 -2.122339 -4.319470 1.355675
-245.343232 -1569.628157 577.866396 1.716994 -0.075089 1.815570 -2.390207 -3.856552 2.100932
-325.457860 -1454.202791 657.932364 1.797339 0.035293 1.737333 -2.662003 -3.157858 2.818097
-385.606955 -1319.616097 716.924578 1.874171 0.107940 1.651010 -2.905300 -2.173680 3.440109
-422.806711 -1166.964756 748.655728 1.943777 0.143172 1.565641 -3.042331 -0.915498 3.860840
-433.830073 -997.536142 746.326702 2.003984 0.146542 1.487472 -2.988951 0.473889 3.980151
-415.188001 -812.817627 702.499426 2.053949 0.125909 1.419661 -2.733571 1.759672 3.798834
-363.110200 -614.506674 609.069222 2.093856 0.089198 1.363015 -2.351235 2.775736 3.430304
-273.525314 -404.521748 457.236702 2.124572 0.043186 1.316939 -1.932813 3.499121 3.003396
-142.040607 -185.014015 237.479169 2.147347 -0.006897 1.280177 -1.534624 3.988431 2.595640
-1527.459704 -1689.810668 2563.774548 0.944125 -1.920423 1.292518 -3.998660 -2.760087 -1.180100
-1803.130133 -1483.603090 3070.850425 1.110891 -1.799207 1.333707 -3.921302 -3.001676 -0.783152
-1998.207876 -1308.003298 3469.507058 1.265820 -1.676588 1.355268 -3.861996 -3.161149 -0.303521
-2119.851210 -1159.750182 3765.745679 1.402567 -1.564314 1.354890 -3.854726 -3.166953 0.333903
-2175.218412 -1035.582632 3965.567516 1.515814 -1.476563 1.331190 -3.913991 -2.805861 1.344551
-2171.467757 -932.239539 4074.973802 1.600566 -1.429383 1.282596 -3.660012 -1.257560 3.165889
-2115.757522 -846.459792 4099.965765 1.649835 -1.440523 1.205379 -1.421335 2.012684 4.350737
-2015.245983 -774.982284 4046.544636 1.650120 -1.528734 1.090905 0.757029 3.386174 3.600102
-1877.091416 -714.545903 3920.711645 1.574513 -1.708549 0.922912 1.907159 3.430638 3.097332
-1708.452098 -661.889540 3728.468023 1.378649 -1.971586 0.679835 2.770365 2.949800 2.936624
-1516.486305 -613.752085 3475.815000 1.022850 -2.253222 0.356045 3.525347 2.056716 2.888226
-1308.352313 -566.872430 3168.753806 0.539572 -2.441078 -0.000594 4.070027 0.898960 2.761657
-1091.208397 -517.989464 2813.285671 0.050073 -2.480724 -0.305781 4.327129 -0.220258 2.495483
-872.212836 -463.842077 2415.411826 -0.346268 -2.421411 -0.516593 4.382551 -1.085076 2.148454
-658.523904 -401.169160 1981.133500 -0.631893 -2.331316 -0.644730 4.361420 -1.674775 1.781333
-457.299879 -326.709604 1516.451924 -0.830322 -2.246283 -0.717480 4.334491 -2.053428 1.412665
-275.699035 -237.202298 1027.368329 -0.968573 -2.177064 -0.756477 4.325271 -2.284362 1.036203
-120.879650 -129.386133 519.883944 -1.066593 -2.123963 -0.775346 4.334357 -2.409569 0.638223
