-17.201554 -8.696252 27.971234 1.328529 1.648454 1.329515 3.395363 -3.534459 0.989500
-84.852850 -42.812981 137.876720 1.437365 1.528520 1.359267 3.210454 -3.745155 0.816580
-166.852003 -83.908336 270.804278 1.503006 1.449080 1.375187 3.082908 -3.871820 0.710414
-246.053461 -123.207854 398.781773 1.539016 1.402853 1.383270 3.004067 -3.942709 0.656223
-322.513226 -160.633324 521.808303 1.561637 1.372705 1.388153 2.947829 -3.989361 0.628733
-396.287300 -196.106537 639.882966 1.577095 1.351535 1.391447 2.903009 -4.023755 0.618008
-467.431686 -229.549282 753.004860 1.588274 1.335880 1.393847 2.863893 -4.051448 0.619582
-536.002386 -260.883349 861.173082 1.596694 1.323854 1.395699 2.827106 -4.075395 0.631372
-602.055401 -290.030527 964.386731 1.603230 1.314344 1.397195 2.790369 -4.097324 0.652515
-665.646733 -316.912606 1062.644905 1.608419 1.306650 1.398446 2.751926 -4.118324 0.682870
-726.832385 -341.451377 1155.946702 1.612611 1.300311 1.399527 2.710237 -4.139105 0.722789
-785.668359 -363.568628 1244.291220 1.616043 1.295010 1.400484 2.663789 -4.160128 0.773025
-842.210657 -383.186150 1327.677556 1.618879 1.290523 1.401350 2.610953 -4.181652 0.834694
-896.515281 -400.225732 1406.104810 1.621239 1.286686 1.402150 2.549865 -4.203736 0.909281
-948.638232 -414.609163 1479.572078 1.623210 1.283379 1.402900 2.478285 -4.226199 0.998672
-998.635514 -426.258234 1548.078459 1.624858 1.280509 1.403614 2.393443 -4.248526 1.105195
-1046.563128 -435.094734 1611.623051 1.626234 1.278004 1.404303 2.291851 -4.269711 1.231659
-1092.477076 -441.040453 1670.204952 1.627377 1.275810 1.404975 2.169067 -4.288003 1.381368
-1136.433360 -444.017180 1723.823260 1.628315 1.273881 1.405637 2.019430 -4.300506 1.558059
-1178.487983 -443.946706 1772.477073 1.629075 1.272183 1.406295 1.835796 -4.302593 1.765659
-1218.696945 -440.750820 1816.165488 1.629673 1.270687 1.406955 1.609388 -4.287072 2.007706
-1257.116251 -434.351312 1854.887605 1.630125 1.269369 1.407620 1.330033 -4.243173 2.286153
-1293.801901 -424.669971 1888.642520 1.630442 1.268212 1.408296 0.987285 -4.155625 2.599240
-1328.809897 -411.628587 1917.429333 1.630633 1.267198 1.408987 0.573217 -4.004711 2.938318
-1362.196243 -395.148950 1941.247140 1.630705 1.266316 1.409697 0.087445 -3.768931 3.284435
-1394.016939 -375.152849 1960.095040 1.630661 1.265555 1.410431 -0.456531 -3.432031 3.607318
-1424.327988 -351.562075 1973.972131 1.630505 1.264908 1.411191 -1.027819 -2.993489 3.870738
-1453.185392 -324.298416 1982.877511 1.630239 1.264366 1.411984 -1.583275 -2.475953 4.045108
-1480.645152 -293.283663 1986.810279 1.629861 1.263927 1.412813 -2.081681 -1.921142 4.120172
-1506.763272 -258.439606 1985.769531 1.629370 1.263585 1.413685 -2.497720 -1.374676 4.107513
-1531.595753 -219.688034 1979.754366 1.628763 1.263339 1.414604 -2.825967 -0.871113 4.031758
-1555.198597 -176.950736 1968.763882 1.628035 1.263187 1.415578 -3.075279 -0.428360 3.919078
-1577.627807 -130.149503 1952.797177 1.627179 1.263130 1.416613 -3.260587 -0.050481 3.790254
-1598.939384 -79.206123 1931.853349 1.626187 1.263169 1.417717 -3.397100 0.266654 3.659044
-1619.189330 -24.042388 1905.931496 1.625047 1.263307 1.418900 -3.497682 0.530687 3.533354
-1638.433648 35.419914 1875.030716 1.623747 1.263548 1.420173 -3.572266 0.749953 3.417087
-1656.728339 99.258992 1839.150107 1.622271 1.263898 1.421548 -3.628181 0.932150 3.311707
-1674.129406 167.553057 1798.288767 1.620598 1.264365 1.423040 -3.670717 1.083864 3.217308
-1690.692851 240.380320 1752.445794 1.618705 1.264958 1.424666 -3.703668 1.210522 3.133286
-1706.474675 317.818991 1701.620286 1.616562 1.265691 1.426448 -3.729757 1.316503 3.058714
-1721.530881 399.947279 1645.811341 1.614132 1.266579 1.428410 -3.750959 1.405313 2.992558
-1735.917472 486.843396 1585.018057 1.611369 1.267643 1.430584 -3.768725 1.479743 2.933782
-1749.690448 578.585551 1519.239533 1.608217 1.268908 1.433007 -3.784146 1.542009 2.881396
-1762.905812 675.251955 1448.474865 1.604604 1.270406 1.435728 -3.798069 1.593868 2.834476
-1775.619567 776.920817 1372.723152 1.600437 1.272179 1.438806 -3.811177 1.636702 2.792156
-1787.887714 883.670350 1291.983493 1.595595 1.274281 1.442319 -3.824059 1.671577 2.753616
-1799.766255 995.578762 1206.254984 1.589920 1.276781 1.446369 -3.837261 1.699294 2.718056
-1811.311192 1112.724264 1115.536725 1.583195 1.279776 1.451091 -3.851338 1.720401 2.684664
-1822.578528 1235.185066 1019.827813 1.575122 1.283395 1.456670 -3.866910 1.735201 2.652562
-1833.624264 1363.039379 919.127346 1.565275 1.287818 1.463365 -3.884738 1.743715 2.620738
-1844.504403 1496.365413 813.434422 1.553027 1.293309 1.471550 -3.905833 1.745608 2.587918
-1855.274947 1635.241378 702.748139 1.537411 1.300259 1.481788 -3.931637 1.740027 2.552360
-1865.991897 1779.745485 587.067595 1.516864 1.309282 1.494960 -3.964350 1.725273 2.511446
-1876.711256 1929.955943 466.391888 1.488679 1.321392 1.512534 -4.007571 1.698102 2.460858
-1887.489026 2085.950963 340.720117 1.447739 1.338384 1.537133 -4.067667 1.652084 2.392635
-1898.381209 2247.808756 210.051378 1.383103 1.363742 1.573923 -4.157061 1.573181 2.289966
-1909.443807 2415.607531 74.384771 1.266695 1.405012 1.634450 -4.303187 1.425153 2.109864
-1920.732823 2589.425500 -66.280607 1.001205 1.480043 1.748446 -4.574655 1.082909 1.702892
-1932.813216 2809.814005 -246.804062 1.491341 1.319728 1.511364 -4.009491 1.804265 2.380884
-1938.428604 3017.240685 -422.387989 1.490676 1.320037 1.511750 -4.013634 1.915967 2.284691
-1937.191251 3203.324325 -586.092717 1.490025 1.320358 1.512110 -4.013884 2.043686 2.170734
-1929.336662 3368.434088 -738.003871 1.489394 1.320692 1.512441 -4.007952 2.191110 2.033558
-1915.100340 3512.939133 -878.207074 1.488789 1.321038 1.512735 -3.992100 2.362887 1.865450
-1894.717790 3637.208624 -1006.787951 1.488217 1.321393 1.512987 -3.960080 2.564697 1.655323
-1868.424517 3741.611720 -1123.832125 1.487684 1.321758 1.513193 -3.901208 2.802955 1.387092
-1836.456024 3826.517584 -1229.425220 1.487200 1.322130 1.513344 -3.796915 3.083319 1.037585
-1799.047817 3892.295376 -1323.652861 1.486771 1.322506 1.513437 -3.614989 3.406070 0.574923
-1756.435399 3939.314258 -1406.600670 1.486405 1.322886 1.513464 -3.302102 3.754283 -0.038471
-1708.854275 3967.943391 -1478.354273 1.486112 1.323265 1.513420 -2.782978 4.070844 -0.826599
-1656.539950 3978.551936 -1538.999293 1.485898 1.323642 1.513301 -1.993960 4.238386 -1.749345
-1599.727927 3971.509055 -1588.621354 1.485770 1.324013 1.513102 -0.973239 4.124555 -2.653460
-1538.653711 3947.183909 -1627.306079 1.485736 1.324374 1.512819 0.093495 3.715549 -3.344541
-1473.552806 3905.945659 -1655.139094 1.485800 1.324722 1.512452 1.008337 3.150108 -3.749677
-1404.660718 3848.163466 -1672.206021 1.485966 1.325054 1.511998 1.699538 2.580015 -3.931297
-1332.212949 3774.206493 -1678.592485 1.486237 1.325366 1.511458 2.194706 2.080055 -3.982039
-1256.445005 3684.443899 -1674.384110 1.486613 1.325654 1.510835 2.547234 1.664976 -3.967298
-1177.592390 3579.244847 -1659.666519 1.487094 1.325916 1.510131 2.802320 1.325202 -3.923116
-1095.890608 3458.978498 -1634.525337 1.487677 1.326149 1.509352 2.991480 1.045878 -3.867452
-1011.575164 3324.014012 -1599.046188 1.488357 1.326351 1.508504 3.135458 0.813473 -3.808827
-924.881561 3174.720552 -1553.314695 1.489128 1.326520 1.507594 3.247799 0.617226 -3.751111
-836.045305 3011.467278 -1497.416482 1.489983 1.326655 1.506631 3.337462 0.448963 -3.695914
-745.301900 2834.623352 -1431.437174 1.490911 1.326756 1.505624 3.410486 0.302551 -3.643768
-652.886850 2644.557935 -1355.462394 1.491904 1.326822 1.504582 3.471041 0.173383 -3.594692
-559.035659 2441.640188 -1269.577766 1.492950 1.326855 1.503514 3.522065 0.057971 -3.548478
-463.983832 2226.239273 -1173.868914 1.494040 1.326855 1.502432 3.565678 -0.046355 -3.504824
-367.966874 1998.724351 -1068.421463 1.495162 1.326824 1.501343 3.603435 -0.141659 -3.463407
-271.220288 1759.464584 -953.321035 1.496305 1.326763 1.500257 3.636502 -0.229561 -3.423910
-173.979578 1508.829131 -828.653256 1.497460 1.326677 1.499181 3.665763 -0.311343 -3.386037
-76.480251 1247.187156 -694.503748 1.498617 1.326565 1.498123 3.691901 -0.388033 -3.349522
21.042192 974.907819 -550.958136 1.499768 1.326432 1.497088 3.715449 -0.460466 -3.314123
118.352244 692.360281 -398.102044 1.500906 1.326280 1.496083 3.736826 -0.529322 -3.279627
215.214401 399.913703 -236.021096 1.502023 1.326112 1.495111 3.756367 -0.595167 -3.245841
311.393160 97.937248 -64.800916 1.503114 1.325929 1.494175 3.774341 -0.658472 -3.212595
406.653016 -213.199924 115.472873 1.504176 1.325735 1.493279 3.790964 -0.719633 -3.179736
500.758464 -533.128652 304.714646 1.505203 1.325532 1.492424 3.806411 -0.778988 -3.147127
593.474001 -861.479774 502.838780 1.506194 1.325321 1.491611 3.820825 -0.836826 -3.114646
684.564121 -1197.884129 709.759650 1.507146 1.325105 1.490841 3.834321 -0.893396 -3.082179
773.793320 -1541.972555 925.391633 1.508059 1.324886 1.490113 3.846992 -0.948916 -3.049625
860.926094 -1893.375892 1149.649105 1.508931 1.324664 1.489427 3.858915 -1.003575 -3.016888
945.726940 -2251.724978 1382.446441 1.509762 1.324442 1.488782 3.870149 -1.057541 -2.983882
