-89.222700 10.865382 39.211642 0.610956 2.304784 0.751468 1.663667 -1.854459 4.335112
-427.605952 55.565402 176.947922 0.588211 2.330648 0.687086 1.474786 -1.689631 4.468798
-809.301320 113.148662 307.757556 0.563356 2.360336 0.601202 1.186491 -1.462915 4.631643
-1145.889637 170.985488 395.320672 0.544313 2.386003 0.510603 0.821894 -1.210647 4.781090
-1438.442968 227.373266 442.737681 0.533258 2.406592 0.417073 0.355406 -0.927988 4.900258
-1688.268756 280.689128 453.286643 0.532556 2.421182 0.322898 -0.244280 -0.607347 4.956960
-1896.878510 329.406657 430.392733 0.544665 2.428994 0.230926 -1.006542 -0.239364 4.891787
-2065.958334 372.111238 377.598138 0.571948 2.429396 0.144606 -1.932569 0.180704 4.607876
-2197.341290 407.514036 298.532414 0.616337 2.421882 0.067931 -2.943070 0.637015 3.991560
-2292.981605 434.464631 196.883278 0.678834 2.406067 0.005237 -3.847041 1.078840 3.006057
-2354.930714 451.962275 76.367852 0.758857 2.381721 -0.039238 -4.439335 1.443952 1.790896
-2385.315140 459.165800 -59.295652 0.853597 2.348940 -0.062097 -4.662378 1.709689 0.582403
-2386.316219 455.402160 -206.415795 0.957708 2.308459 -0.061756 -4.602789 1.897146 -0.463864
-2360.151655 440.173618 -361.355336 1.063746 2.262055 -0.039356 -4.374456 2.034259 -1.313746
-2309.058924 413.163564 -520.558206 1.163522 2.212739 0.000893 -4.057902 2.134568 -1.994254
-2235.280507 374.240979 -680.576037 1.249989 2.164438 0.052314 -3.700053 2.198336 -2.544980
-2141.050970 323.463540 -838.094247 1.318777 2.121165 0.107180 -3.327107 2.220136 -3.000226
-2028.585876 261.079356 -989.957678 1.368695 2.086051 0.158315 -2.953116 2.194541 -3.385719
-1900.072543 187.527352 -1133.195790 1.401178 2.060734 0.200190 -2.584353 2.118517 -3.719275
-1757.662633 103.436291 -1265.047406 1.419236 2.045288 0.229272 -2.221979 1.991581 -4.012034
-1603.466586 9.622427 -1382.985014 1.426469 2.038565 0.243801 -1.864213 1.815097 -4.269676
-1439.549892 -92.914187 -1484.738626 1.426410 2.038664 0.243319 -1.508160 1.591549 -4.493598
-1267.931196 -202.994766 -1568.319182 1.422201 2.043348 0.228196 -1.151210 1.324136 -4.682027
-1090.582251 -319.268216 -1632.041519 1.416504 2.050321 0.199251 -0.791980 1.016639 -4.831068
-909.429702 -440.218909 -1674.546887 1.411533 2.057369 0.157510 -0.430820 0.673451 -4.935672
-726.358713 -564.175833 -1694.825025 1.409133 2.062404 0.104078 -0.069940 0.299629 -4.990524
-543.218433 -689.323093 -1692.235786 1.410863 2.063458 0.040088 0.286804 -0.099138 -4.990783
-361.829298 -813.711772 -1666.530317 1.418058 2.058642 -0.033255 0.634402 -0.516677 -4.932604
-183.992174 -935.273160 -1617.871799 1.431864 2.046127 -0.114589 0.967395 -0.946535 -4.813338
-11.499338 -1051.833336 -1546.855734 1.453219 2.024168 -0.202232 1.280671 -1.382151 -4.631365
153.852699 -1161.129111 -1454.529792 1.482782 1.991213 -0.293991 1.570275 -1.816831 -4.385586
310.248539 -1260.825341 -1342.413207 1.520794 1.946140 -0.386943 1.834154 -2.243432 -4.074665
455.837393 -1348.533586 -1212.515733 1.566883 1.888667 -0.477297 2.072789 -2.653708 -3.696130
588.714747 -1421.832139 -1067.356149 1.619849 1.819886 -0.560451 2.289609 -3.037368 -3.245318
706.902188 -1478.287416 -909.980323 1.677512 1.742776 -0.631413 2.490850 -3.380846 -2.713954
808.325386 -1515.476701 -743.978827 1.736755 1.662386 -0.685680 2.684084 -3.665441 -2.088117
890.790243 -1531.012255 -573.504107 1.793816 1.585302 -0.720445 2.874051 -3.863724 -1.345906
951.957202 -1522.566786 -403.287209 1.844872 1.518292 -0.735687 3.053828 -3.932504 -0.457760
989.313713 -1487.900275 -238.654057 1.886751 1.466478 -0.734582 3.189950 -3.802996 0.601202
1000.144867 -1424.888170 -85.541288 1.917590 1.431870 -0.722908 3.207488 -3.382001 1.809444
981.502185 -1331.550935 49.488363 1.937201 1.412986 -0.707617 3.006053 -2.603513 3.030736
930.170569 -1206.084958 159.231120 1.947001 1.405652 -0.695219 2.545608 -1.538127 4.019209
842.633420 -1046.894829 235.827666 1.949520 1.404446 -0.690580 1.921750 -0.406719 4.597984
715.035911 -852.626962 270.749099 1.947703 1.404062 -0.696466 1.289349 0.589802 4.794759
543.146422 -622.204599 254.783321 1.944272 1.400145 -0.713721 0.745971 1.383637 4.746480
322.316138 -354.864152 178.021882 1.941349 1.389577 -0.741781 0.317859 1.996996 4.572852
47.436807 -50.192925 29.847266 1.940319 1.370388 -0.779229 -0.003843 2.475595 4.344124
2618.055245 -2521.271220 2104.275303 1.609136 1.803826 -0.637880 3.501862 -3.448685 -0.918442
2749.445872 -2448.595512 2643.334555 1.555398 1.852533 -0.631551 3.833778 -3.209580 0.027232
2769.256466 -2325.441717 3055.415091 1.504438 1.891039 -0.640809 3.979250 -2.705037 1.359538
2693.303115 -2165.839935 3349.988520 1.460174 1.916743 -0.666323 3.642230 -1.751199 2.944056
2536.643566 -1982.215231 3536.582636 1.425990 1.928125 -0.706317 2.679279 -0.443635 4.198172
2313.567197 -1785.448112 3624.760366 1.403792 1.925446 -0.756324 1.493157 0.761744 4.710650
2037.584983 -1584.934993 3624.098713 1.393402 1.911180 -0.809830 0.497546 1.629167 4.700879
1721.419464 -1388.648669 3544.167710 1.392584 1.889862 -0.859727 -0.240211 2.213596 4.476862
1376.994715 -1203.198790 3394.509360 1.397669 1.867254 -0.899937 -0.790762 2.611287 4.189973
1015.426310 -1033.892323 3184.616589 1.404374 1.849165 -0.926456 -1.226545 2.883576 3.896226
647.011296 -884.794032 2923.912190 1.408456 1.840475 -0.937499 -1.597630 3.063583 3.614144
281.218152 -758.786942 2621.727768 1.405962 1.844664 -0.932997 -1.935816 3.168908 3.348229
-73.323232 -657.632813 2287.282693 1.393174 1.863837 -0.913881 -2.260929 3.208635 3.097235
-408.831598 -582.032611 1929.663043 1.366340 1.898959 -0.881514 -2.585258 3.186440 2.857104
-718.384343 -531.686977 1557.800551 1.321367 1.950064 -0.837400 -2.916160 3.101890 2.621886
-995.927557 -505.356697 1180.451552 1.253582 2.016219 -0.783194 -3.257243 2.951083 2.383586
-1236.286052 -500.923177 806.175934 1.157752 2.095169 -0.721026 -3.608324 2.727304 2.131152
-1435.173396 -515.448910 443.316081 1.028683 2.182637 -0.654146 -3.964282 2.422357 1.848420
-1589.201944 -545.237948 99.975819 0.862840 2.271540 -0.587889 -4.312873 2.029165 1.510503
-1695.892868 -585.896370 -216.000632 0.661378 2.351797 -0.530690 -4.631451 1.545589 1.077411
-1753.686194 -632.392760 -497.049715 0.433993 2.411887 -0.494421 -4.879862 0.976934 0.482233
-1761.950830 -679.118668 -735.909585 0.201266 2.442644 -0.492933 -4.973856 0.331435 -0.388471
-1720.994599 -719.949090 -925.641169 -0.007744 2.441363 -0.538227 -4.688828 -0.387992 -1.692442
-1632.074270 -748.302932 -1059.649210 -0.163162 2.412398 -0.635387 -3.507055 -1.127617 -3.380687
-1497.405595 -757.203484 -1131.703326 -0.243461 2.363154 -0.778606 -1.234827 -1.630471 -4.562540
-1320.173335 -739.338889 -1135.959061 -0.241960 2.299575 -0.950479 0.945529 -1.790162 -4.571793
-1104.541293 -687.122617 -1066.978938 -0.168836 2.225591 -1.126162 2.348326 -1.849878 -4.007907
-855.662351 -592.753932 -919.753511 -0.047418 2.145721 -1.282043 3.187645 -1.923639 -3.337443
-579.688495 -448.278363 -689.722422 0.094720 2.066354 -1.403998 3.708584 -1.999361 -2.692389
-283.780854 -245.648178 -372.795446 0.234900 1.994012 -1.489543 4.046906 -2.048403 -2.103949
-1886.434327 -1861.660026 -2770.105887 0.347329 1.938856 -1.539545 -4.297128 2.016915 1.570588
-1598.787169 -2109.013949 -3020.946945 0.042578 1.804449 -1.729784 -3.729234 -2.258537 -2.447821
-1335.448061 -2289.802534 -3202.950938 0.056757 1.814259 -1.719082 -3.218103 -2.578532 -2.827541
-1092.873843 -2404.458492 -3315.848281 0.064875 1.822509 -1.710045 -2.249987 -3.012417 -3.295892
-868.069571 -2454.377143 -3360.425709 0.068229 1.830207 -1.701672 -0.570756 -3.370929 -3.648434
-658.588516 -2441.916414 -3338.526288 0.066843 1.838015 -1.693291 1.510474 -3.259105 -3.478032
-462.532167 -2370.396842 -3253.049408 0.059772 1.846473 -1.684330 3.077686 -2.709542 -2.861159
-278.550224 -2244.101572 -3107.950784 0.045064 1.856083 -1.674194 3.925599 -2.126152 -2.251478
-105.840609 -2068.276359 -2908.242459 0.019558 1.867307 -1.662161 4.353007 -1.660862 -1.814627
55.850547 -1849.129566 -2659.992801 -0.021306 1.880433 -1.647276 4.579561 -1.292803 -1.535019
206.228892 -1593.832162 -2370.326505 -0.083324 1.895217 -1.628254 4.707625 -0.974013 -1.374615
344.451861 -1310.517729 -2047.424591 -0.172274 1.910256 -1.603510 4.780464 -0.664958 -1.305753
469.128673 -1008.282454 -1700.524406 -0.290608 1.922364 -1.571644 4.814271 -0.340359 -1.306505
578.320331 -697.185135 -1339.919623 -0.432357 1.927046 -1.532828 4.814292 0.006303 -1.350019
669.539624 -388.247177 -976.960239 -0.580372 1.921219 -1.490666 4.786954 0.361336 -1.398038
739.751122 -93.452594 -624.052581 -0.711987 1.906456 -1.452067 4.746915 0.703077 -1.404450
785.371183 174.251991 -294.659298 -0.810890 1.888388 -1.423534 4.711588 1.027111 -1.321355
802.267946 400.957345 -3.299368 -0.873758 1.872453 -1.407291 4.684509 1.371507 -1.083673
785.761338 571.791630 234.451905 -0.907149 1.861097 -1.401213 4.613889 1.853808 -0.524809
730.623067 670.920396 401.962894 -0.920934 1.854193 -1.401374 4.052730 2.757617 0.985358
631.076627 681.546587 481.545642 -0.923958 1.850564 -1.404178 0.249607 3.097069 3.917379
480.797297 585.910535 454.455868 -0.922626 1.848988 -1.407127 -2.944558 1.412112 3.786227
272.912139 365.289967 300.892965 -0.921060 1.848536 -1.408745 -3.737887 0.623352 3.261845
